LOGO_ECI2002
LGOROWLENGTH	33
LGOMCCMYKSEPARATION	"UseCMYKSep = true Separation = { SepID = 6 StartK = '40' WidthK = '1' MaxC = '100' MaxM = '100' MaxY = '100' MaxK = '100' MaxCMYK = '400' } "
CREATED	"11/24/2005"  # Time: 14:22
KEYWORD	"SampleID"
KEYWORD	"SAMPLE_NAME"
NUMBER_OF_FIELDS	6
BEGIN_DATA_FORMAT
SampleID	SAMPLE_NAME	CMYK_C	CMYK_M	CMYK_Y	CMYK_K
END_DATA_FORMAT
NUMBER_OF_SETS	1485
BEGIN_DATA
810	A1	10.00	20.00	20.00	20.00
1369	A2	80.00	65.00	65.00	0.00
1393	A3	100.00	85.00	85.00	80.00
1427	A4	0.00	7.00	7.00	0.00
1387	A5	100.00	85.00	85.00	60.00
1377	A6	10.00	6.00	6.00	10.00
558	A7	85.00	100.00	70.00	0.00
1381	A8	10.00	6.00	6.00	20.00
1394	A9	80.00	65.00	65.00	80.00
1434	A10	0.00	7.00	7.00	7.00
1388	A11	80.00	65.00	65.00	60.00
1392	A12	10.00	6.00	6.00	60.00
1382	A13	80.00	65.00	65.00	40.00
93	A14	10.00	20.00	10.00	0.00
230	A15	85.00	40.00	20.00	0.00
1430	A16	0.00	7.00	0.00	7.00
1395	A17	60.00	45.00	45.00	80.00
1376	A18	20.00	12.00	12.00	10.00
1389	A19	60.00	45.00	45.00	60.00
1380	A20	20.00	12.00	12.00	20.00
1424	A21	3.00	3.00	3.00	3.00
1385	A22	20.00	12.00	12.00	40.00
1378	A23	60.00	45.00	45.00	20.00
1391	A24	20.00	12.00	12.00	60.00
1420	A25	3.00	3.00	0.00	3.00
1397	A26	20.00	12.00	12.00	80.00
210	A27	55.00	20.00	20.00	0.00
101	A28	20.00	10.00	10.00	0.00
1432	A29	0.00	0.00	7.00	7.00
1375	A30	40.00	27.00	27.00	10.00
1384	A31	40.00	27.00	27.00	40.00
1379	A32	40.00	27.00	27.00	20.00
1	A33	0.00	0.00	0.00	0.00
970	B1	100.00	100.00	0.00	40.00
1049	B2	0.00	70.00	100.00	40.00
968	B3	100.00	40.00	0.00	40.00
336	B4	10.00	20.00	40.00	0.00
479	B5	100.00	10.00	55.00	0.00
560	B6	100.00	10.00	70.00	0.00
328	B7	0.00	30.00	40.00	0.00
564	B8	100.00	55.00	70.00	0.00
974	B9	0.00	70.00	20.00	40.00
1045	B10	100.00	100.00	70.00	40.00
234	B11	85.00	100.00	20.00	0.00
999	B12	0.00	70.00	40.00	40.00
1018	B13	100.00	40.00	40.00	40.00
997	B14	0.00	20.00	40.00	40.00
641	B15	100.00	10.00	85.00	0.00
849	B16	10.00	100.00	40.00	20.00
433	B17	30.00	0.00	55.00	0.00
279	B18	30.00	100.00	30.00	0.00
469	B19	85.00	0.00	55.00	0.00
315	B20	85.00	100.00	30.00	0.00
1046	B21	0.00	0.00	100.00	40.00
955	B22	20.00	100.00	0.00	40.00
1056	B23	40.00	0.00	100.00	40.00
965	B24	70.00	100.00	0.00	40.00
1066	B25	100.00	0.00	100.00	40.00
422	B26	10.00	85.00	55.00	0.00
887	B27	20.00	10.00	70.00	20.00
458	B28	55.00	85.00	55.00	0.00
899	B29	70.00	10.00	70.00	20.00
740	B30	10.00	70.00	0.00	20.00
911	B31	0.00	10.00	100.00	20.00
1265	B32	40.00	100.00	0.00	100.00
905	B33	100.00	10.00	70.00	20.00
1061	C1	70.00	0.00	100.00	40.00
952	C2	20.00	20.00	0.00	40.00
1063	C3	70.00	40.00	100.00	40.00
358	C4	30.00	70.00	40.00	0.00
720	C5	85.00	100.00	100.00	0.00
135	C6	55.00	100.00	10.00	0.00
350	C7	20.00	85.00	40.00	0.00
384	C8	70.00	55.00	40.00	0.00
1027	C9	20.00	20.00	70.00	40.00
986	C10	70.00	0.00	20.00	40.00
389	C11	85.00	10.00	40.00	0.00
1002	C12	20.00	20.00	40.00	40.00
1013	C13	70.00	40.00	40.00	40.00
1004	C14	20.00	70.00	40.00	40.00
216	C15	55.00	100.00	20.00	0.00
728	C16	100.00	85.00	100.00	0.00
471	C17	85.00	20.00	55.00	0.00
457	C18	55.00	70.00	55.00	0.00
435	C19	30.00	20.00	55.00	0.00
421	C20	10.00	70.00	55.00	0.00
400	C21	100.00	30.00	40.00	0.00
186	C22	20.00	55.00	20.00	0.00
616	C23	55.00	30.00	85.00	0.00
222	C24	70.00	55.00	20.00	0.00
580	C25	10.00	30.00	85.00	0.00
1267	C26	100.00	40.00	0.00	100.00
935	C27	70.00	10.00	100.00	20.00
1261	C28	0.00	40.00	0.00	100.00
918	C29	10.00	20.00	100.00	20.00
474	C30	85.00	55.00	55.00	0.00
452	C31	55.00	10.00	55.00	0.00
438	C32	30.00	55.00	55.00	0.00
416	C33	10.00	10.00	55.00	0.00
960	D1	40.00	100.00	0.00	40.00
1059	D2	40.00	70.00	100.00	40.00
958	D3	40.00	40.00	0.00	40.00
372	D4	55.00	20.00	40.00	0.00
370	D5	55.00	0.00	40.00	0.00
362	D6	40.00	10.00	40.00	0.00
364	D7	40.00	30.00	40.00	0.00
366	D8	40.00	55.00	40.00	0.00
984	D9	40.00	70.00	20.00	40.00
1035	D10	40.00	100.00	70.00	40.00
198	D11	30.00	100.00	20.00	0.00
1009	D12	40.00	70.00	40.00	40.00
1008	D13	40.00	40.00	40.00	40.00
1007	D14	40.00	20.00	40.00	40.00
371	D15	55.00	10.00	40.00	0.00
419	D16	10.00	40.00	55.00	0.00
437	D17	30.00	40.00	55.00	0.00
455	D18	55.00	40.00	55.00	0.00
473	D19	85.00	40.00	55.00	0.00
150	D20	85.00	55.00	10.00	0.00
1048	D21	0.00	40.00	100.00	40.00
953	D22	20.00	40.00	0.00	40.00
1058	D23	40.00	40.00	100.00	40.00
963	D24	70.00	40.00	0.00	40.00
1068	D25	100.00	40.00	100.00	40.00
418	D26	10.00	30.00	55.00	0.00
436	D27	30.00	30.00	55.00	0.00
454	D28	55.00	30.00	55.00	0.00
76	D29	100.00	30.00	0.00	0.00
738	D30	10.00	20.00	0.00	20.00
1278	D31	0.00	0.00	100.00	100.00
1263	D32	40.00	0.00	0.00	100.00
1284	D33	100.00	0.00	100.00	100.00
1051	E1	20.00	0.00	100.00	40.00
962	E2	70.00	20.00	0.00	40.00
1053	E3	20.00	40.00	100.00	40.00
394	E4	85.00	70.00	40.00	0.00
684	E5	30.00	100.00	100.00	0.00
99	E6	10.00	100.00	10.00	0.00
386	E7	70.00	85.00	40.00	0.00
348	E8	20.00	55.00	40.00	0.00
1037	E9	70.00	20.00	70.00	40.00
976	E10	20.00	0.00	20.00	40.00
353	E11	30.00	10.00	40.00	0.00
1012	E12	70.00	20.00	40.00	40.00
1003	E13	20.00	40.00	40.00	40.00
1014	E14	70.00	70.00	40.00	40.00
180	E15	10.00	100.00	20.00	0.00
1042	E16	100.00	20.00	70.00	40.00
989	E17	70.00	70.00	20.00	40.00
1032	E18	40.00	20.00	70.00	40.00
979	E19	20.00	70.00	20.00	40.00
1022	E20	0.00	20.00	70.00	40.00
465	E21	70.00	55.00	55.00	0.00
443	E22	40.00	10.00	55.00	0.00
429	E23	20.00	55.00	55.00	0.00
407	E24	0.00	10.00	55.00	0.00
847	E25	10.00	40.00	40.00	20.00
791	E26	70.00	10.00	10.00	20.00
1282	E27	40.00	40.00	100.00	100.00
779	E28	20.00	10.00	10.00	20.00
920	E29	10.00	70.00	100.00	20.00
470	E30	85.00	10.00	55.00	0.00
456	E31	55.00	55.00	55.00	0.00
434	E32	30.00	10.00	55.00	0.00
420	E33	10.00	55.00	55.00	0.00
950	F1	0.00	100.00	0.00	40.00
1069	F2	100.00	70.00	100.00	40.00
948	F3	0.00	40.00	0.00	40.00
481	F4	100.00	30.00	55.00	0.00
334	F5	10.00	0.00	40.00	0.00
326	F6	0.00	10.00	40.00	0.00
562	F7	100.00	30.00	70.00	0.00
330	F8	0.00	55.00	40.00	0.00
994	F9	100.00	70.00	20.00	40.00
1025	F10	0.00	100.00	70.00	40.00
813	F11	10.00	100.00	20.00	20.00
1019	F12	100.00	70.00	40.00	40.00
998	F13	0.00	40.00	40.00	40.00
1017	F14	100.00	20.00	40.00	40.00
335	F15	10.00	10.00	40.00	0.00
971	F16	0.00	0.00	20.00	40.00
1030	F17	20.00	100.00	70.00	40.00
981	F18	40.00	0.00	20.00	40.00
1040	F19	70.00	100.00	70.00	40.00
991	F20	100.00	0.00	20.00	40.00
848	F21	10.00	70.00	40.00	20.00
851	F22	20.00	10.00	40.00	20.00
431	F23	20.00	85.00	55.00	0.00
863	F24	70.00	10.00	40.00	20.00
467	F25	70.00	85.00	55.00	0.00
875	F26	0.00	10.00	70.00	20.00
440	F27	30.00	85.00	55.00	0.00
893	F28	40.00	10.00	70.00	20.00
476	F29	85.00	85.00	55.00	0.00
731	F30	0.00	10.00	0.00	20.00
1280	F31	0.00	100.00	100.00	100.00
749	F32	40.00	10.00	0.00	20.00
1286	F33	100.00	100.00	100.00	100.00
91	G1	10.00	0.00	10.00	0.00
151	G2	85.00	70.00	10.00	0.00
127	G3	55.00	0.00	10.00	0.00
115	G4	30.00	70.00	10.00	0.00
74	G5	100.00	10.00	0.00	0.00
799	G6	100.00	40.00	10.00	20.00
901	G7	70.00	40.00	70.00	20.00
787	G8	40.00	40.00	10.00	20.00
889	G9	20.00	40.00	70.00	20.00
769	G10	0.00	40.00	10.00	20.00
92	G11	10.00	10.00	10.00	0.00
152	G12	85.00	85.00	10.00	0.00
128	G13	55.00	10.00	10.00	0.00
116	G14	30.00	85.00	10.00	0.00
236	G15	100.00	10.00	20.00	0.00
323	G16	100.00	85.00	30.00	0.00
587	G17	20.00	10.00	85.00	0.00
214	G18	55.00	70.00	20.00	0.00
623	G19	70.00	10.00	85.00	0.00
178	G20	10.00	70.00	20.00	0.00
164	G21	0.00	10.00	20.00	0.00
224	G22	70.00	85.00	20.00	0.00
200	G23	40.00	10.00	20.00	0.00
188	G24	20.00	85.00	20.00	0.00
398	G25	100.00	10.00	40.00	0.00
1277	G26	100.00	100.00	40.00	100.00
815	G27	20.00	10.00	20.00	20.00
1271	G28	0.00	100.00	40.00	100.00
827	G29	70.00	10.00	20.00	20.00
233	G30	85.00	85.00	20.00	0.00
596	G31	30.00	10.00	85.00	0.00
197	G32	30.00	85.00	20.00	0.00
632	G33	85.00	10.00	85.00	0.00
873	H1	100.00	100.00	40.00	20.00
826	H2	70.00	0.00	20.00	20.00
861	H3	40.00	100.00	40.00	20.00
814	H4	20.00	0.00	20.00	20.00
843	H5	0.00	100.00	40.00	20.00
87	H6	0.00	55.00	10.00	0.00
139	H7	70.00	30.00	10.00	0.00
123	H8	40.00	55.00	10.00	0.00
103	H9	20.00	30.00	10.00	0.00
159	H10	100.00	55.00	10.00	0.00
734	H11	0.00	70.00	0.00	20.00
924	H12	20.00	20.00	100.00	20.00
752	H13	40.00	70.00	0.00	20.00
936	H14	70.00	20.00	100.00	20.00
764	H15	100.00	70.00	0.00	20.00
176	H16	10.00	40.00	20.00	0.00
228	H17	85.00	20.00	20.00	0.00
212	H18	55.00	40.00	20.00	0.00
192	H19	30.00	20.00	20.00	0.00
321	H20	100.00	55.00	30.00	0.00
967	H21	100.00	20.00	0.00	40.00
1064	H22	70.00	70.00	100.00	40.00
957	H23	40.00	20.00	0.00	40.00
1054	H24	20.00	70.00	100.00	40.00
947	H25	0.00	20.00	0.00	40.00
177	H26	10.00	55.00	20.00	0.00
211	H27	55.00	30.00	20.00	0.00
213	H28	55.00	55.00	20.00	0.00
175	H29	10.00	30.00	20.00	0.00
775	H30	10.00	40.00	10.00	20.00
1272	H31	40.00	0.00	40.00	100.00
1273	H32	40.00	40.00	40.00	100.00
774	H33	10.00	20.00	10.00	20.00
95	I1	10.00	40.00	10.00	0.00
147	I2	85.00	20.00	10.00	0.00
131	I3	55.00	40.00	10.00	0.00
111	I4	30.00	20.00	10.00	0.00
78	I5	100.00	55.00	0.00	0.00
800	I6	100.00	70.00	10.00	20.00
900	I7	70.00	20.00	70.00	20.00
788	I8	40.00	70.00	10.00	20.00
888	I9	20.00	20.00	70.00	20.00
770	I10	0.00	70.00	10.00	20.00
96	I11	10.00	55.00	10.00	0.00
148	I12	85.00	30.00	10.00	0.00
132	I13	55.00	55.00	10.00	0.00
112	I14	30.00	30.00	10.00	0.00
240	I15	100.00	55.00	20.00	0.00
319	I16	100.00	30.00	30.00	0.00
591	I17	20.00	55.00	85.00	0.00
1396	I18	40.00	27.00	27.00	80.00
627	I19	70.00	55.00	85.00	0.00
174	I20	10.00	20.00	20.00	0.00
168	I21	0.00	55.00	20.00	0.00
220	I22	70.00	30.00	20.00	0.00
204	I23	40.00	55.00	20.00	0.00
184	I24	20.00	30.00	20.00	0.00
402	I25	100.00	55.00	40.00	0.00
1275	I26	100.00	0.00	40.00	100.00
1270	I27	0.00	40.00	40.00	100.00
1269	I28	0.00	0.00	40.00	100.00
1276	I29	100.00	40.00	40.00	100.00
229	I30	85.00	30.00	20.00	0.00
600	I31	30.00	55.00	85.00	0.00
193	I32	30.00	30.00	20.00	0.00
636	I33	85.00	55.00	85.00	0.00
944	J1	100.00	70.00	100.00	20.00
756	J2	70.00	20.00	0.00	20.00
932	J3	40.00	70.00	100.00	20.00
744	J4	20.00	20.00	0.00	20.00
914	J5	0.00	70.00	100.00	20.00
83	J6	0.00	10.00	10.00	0.00
143	J7	70.00	85.00	10.00	0.00
119	J8	40.00	10.00	10.00	0.00
107	J9	20.00	85.00	10.00	0.00
155	J10	100.00	10.00	10.00	0.00
805	J11	0.00	40.00	20.00	20.00
853	J12	20.00	40.00	40.00	20.00
823	J13	40.00	40.00	20.00	20.00
865	J14	70.00	40.00	40.00	20.00
835	J15	100.00	40.00	20.00	20.00
172	J16	10.00	0.00	20.00	0.00
232	J17	85.00	70.00	20.00	0.00
208	J18	55.00	0.00	20.00	0.00
196	J19	30.00	70.00	20.00	0.00
317	J20	100.00	10.00	30.00	0.00
404	J21	100.00	85.00	40.00	0.00
182	J22	20.00	10.00	20.00	0.00
620	J23	55.00	85.00	85.00	0.00
218	J24	70.00	10.00	20.00	0.00
584	J25	10.00	85.00	85.00	0.00
173	J26	10.00	10.00	20.00	0.00
215	J27	55.00	85.00	20.00	0.00
209	J28	55.00	10.00	20.00	0.00
179	J29	10.00	85.00	20.00	0.00
803	J30	0.00	10.00	20.00	20.00
1274	J31	40.00	100.00	40.00	100.00
821	J32	40.00	10.00	20.00	20.00
776	J33	10.00	70.00	10.00	20.00
1120	K1	100.00	100.00	20.00	60.00
1161	K2	70.00	0.00	70.00	60.00
1110	K3	40.00	100.00	20.00	60.00
1151	K4	20.00	0.00	70.00	60.00
1100	K5	0.00	100.00	20.00	60.00
721	K6	100.00	0.00	100.00	0.00
63	K7	70.00	100.00	0.00	0.00
685	K8	40.00	0.00	100.00	0.00
27	K9	20.00	100.00	0.00	0.00
649	K10	0.00	0.00	100.00	0.00
397	K11	100.00	0.00	40.00	0.00
387	K12	70.00	100.00	40.00	0.00
361	K13	40.00	0.00	40.00	0.00
351	K14	20.00	100.00	40.00	0.00
325	K15	0.00	0.00	40.00	0.00
73	K16	100.00	0.00	0.00	0.00
711	K17	70.00	100.00	100.00	0.00
37	K18	40.00	0.00	0.00	0.00
675	K19	20.00	100.00	100.00	0.00
1367	K20	0.00	0.00	0.00	0.00
1170	K21	100.00	100.00	70.00	60.00
1111	K22	70.00	0.00	20.00	60.00
1160	K23	40.00	100.00	70.00	60.00
1101	K24	20.00	0.00	20.00	60.00
1150	K25	0.00	100.00	70.00	60.00
1268	K26	100.00	100.00	0.00	100.00
929	K27	40.00	10.00	100.00	20.00
1262	K28	0.00	100.00	0.00	100.00
916	K29	10.00	0.00	100.00	20.00
54	K30	55.00	100.00	0.00	0.00
614	K31	55.00	10.00	85.00	0.00
18	K32	10.00	100.00	0.00	0.00
578	K33	10.00	10.00	85.00	0.00
3	L1	0.00	20.00	0.00	0.00
673	L2	20.00	70.00	100.00	0.00
39	L3	40.00	20.00	0.00	0.00
709	L4	70.00	70.00	100.00	0.00
75	L5	100.00	20.00	0.00	0.00
1149	L6	0.00	70.00	70.00	60.00
1102	L7	20.00	20.00	20.00	60.00
1159	L8	40.00	70.00	70.00	60.00
1112	L9	70.00	20.00	20.00	60.00
1169	L10	100.00	70.00	70.00	60.00
327	L11	0.00	20.00	40.00	0.00
349	L12	20.00	70.00	40.00	0.00
363	L13	40.00	20.00	40.00	0.00
385	L14	70.00	70.00	40.00	0.00
399	L15	100.00	20.00	40.00	0.00
1099	L16	0.00	70.00	20.00	60.00
1152	L17	20.00	20.00	70.00	60.00
1109	L18	40.00	70.00	20.00	60.00
1162	L19	70.00	20.00	70.00	60.00
1119	L20	100.00	70.00	20.00	60.00
651	L21	0.00	20.00	100.00	0.00
25	L22	20.00	70.00	0.00	0.00
687	L23	40.00	20.00	100.00	0.00
61	L24	70.00	70.00	0.00	0.00
723	L25	100.00	20.00	100.00	0.00
170	L26	0.00	85.00	20.00	0.00
598	L27	30.00	30.00	85.00	0.00
206	L28	40.00	85.00	20.00	0.00
634	L29	85.00	30.00	85.00	0.00
739	L30	10.00	40.00	0.00	20.00
923	L31	20.00	10.00	100.00	20.00
1264	L32	40.00	40.00	0.00	100.00
941	L33	100.00	10.00	100.00	20.00
725	M1	100.00	40.00	100.00	0.00
59	M2	70.00	40.00	0.00	0.00
689	M3	40.00	40.00	100.00	0.00
23	M4	20.00	40.00	0.00	0.00
653	M5	0.00	40.00	100.00	0.00
401	M6	100.00	40.00	40.00	0.00
383	M7	70.00	40.00	40.00	0.00
365	M8	40.00	40.00	40.00	0.00
347	M9	20.00	40.00	40.00	0.00
329	M10	0.00	40.00	40.00	0.00
1118	M11	100.00	40.00	20.00	60.00
1163	M12	70.00	40.00	70.00	60.00
1108	M13	40.00	40.00	20.00	60.00
1153	M14	20.00	40.00	70.00	60.00
1098	M15	0.00	40.00	20.00	60.00
77	M16	100.00	40.00	0.00	0.00
707	M17	70.00	40.00	100.00	0.00
41	M18	40.00	40.00	0.00	0.00
671	M19	20.00	40.00	100.00	0.00
5	M20	0.00	40.00	0.00	0.00
1168	M21	100.00	40.00	70.00	60.00
1113	M22	70.00	40.00	20.00	60.00
1158	M23	40.00	40.00	70.00	60.00
1103	M24	20.00	40.00	20.00	60.00
1148	M25	0.00	40.00	70.00	60.00
1266	M26	100.00	0.00	0.00	100.00
1281	M27	40.00	0.00	100.00	100.00
1260	M28	0.00	0.00	0.00	100.00
919	M29	10.00	40.00	100.00	20.00
231	M30	85.00	55.00	20.00	0.00
618	M31	55.00	55.00	85.00	0.00
195	M32	30.00	55.00	20.00	0.00
582	M33	10.00	55.00	85.00	0.00
7	N1	0.00	70.00	0.00	0.00
669	N2	20.00	20.00	100.00	0.00
43	N3	40.00	70.00	0.00	0.00
705	N4	70.00	20.00	100.00	0.00
79	N5	100.00	70.00	0.00	0.00
1147	N6	0.00	20.00	70.00	60.00
1104	N7	20.00	70.00	20.00	60.00
1157	N8	40.00	20.00	70.00	60.00
1114	N9	70.00	70.00	20.00	60.00
1167	N10	100.00	20.00	70.00	60.00
331	N11	0.00	70.00	40.00	0.00
345	N12	20.00	20.00	40.00	0.00
367	N13	40.00	70.00	40.00	0.00
381	N14	70.00	20.00	40.00	0.00
403	N15	100.00	70.00	40.00	0.00
1097	N16	0.00	20.00	20.00	60.00
1154	N17	20.00	70.00	70.00	60.00
1107	N18	40.00	20.00	20.00	60.00
1164	N19	70.00	70.00	70.00	60.00
1117	N20	100.00	20.00	20.00	60.00
655	N21	0.00	70.00	100.00	0.00
21	N22	20.00	20.00	0.00	0.00
691	N23	40.00	70.00	100.00	0.00
57	N24	70.00	20.00	0.00	0.00
727	N25	100.00	70.00	100.00	0.00
166	N26	0.00	30.00	20.00	0.00
602	N27	30.00	85.00	85.00	0.00
202	N28	40.00	30.00	20.00	0.00
638	N29	85.00	85.00	85.00	0.00
767	N30	0.00	10.00	10.00	20.00
1279	N31	0.00	40.00	100.00	100.00
785	N32	40.00	10.00	10.00	20.00
1285	N33	100.00	40.00	100.00	100.00
1116	O1	100.00	0.00	20.00	60.00
1165	O2	70.00	100.00	70.00	60.00
1106	O3	40.00	0.00	20.00	60.00
1155	O4	20.00	100.00	70.00	60.00
1096	O5	0.00	0.00	20.00	60.00
729	O6	100.00	100.00	100.00	0.00
55	O7	70.00	0.00	0.00	0.00
693	O8	40.00	100.00	100.00	0.00
19	O9	20.00	0.00	0.00	0.00
657	O10	0.00	100.00	100.00	0.00
1166	O11	100.00	0.00	70.00	60.00
1115	O12	70.00	100.00	20.00	60.00
1156	O13	40.00	0.00	70.00	60.00
1105	O14	20.00	100.00	20.00	60.00
1146	O15	0.00	0.00	70.00	60.00
405	O16	100.00	100.00	40.00	0.00
379	O17	70.00	0.00	40.00	0.00
369	O18	40.00	100.00	40.00	0.00
343	O19	20.00	0.00	40.00	0.00
333	O20	0.00	100.00	40.00	0.00
81	O21	100.00	100.00	0.00	0.00
703	O22	70.00	0.00	100.00	0.00
45	O23	40.00	100.00	0.00	0.00
667	O24	20.00	0.00	100.00	0.00
9	O25	0.00	100.00	0.00	0.00
755	O26	70.00	10.00	0.00	20.00
1283	O27	40.00	100.00	100.00	100.00
743	O28	20.00	10.00	0.00	20.00
921	O29	10.00	100.00	100.00	20.00
227	O30	85.00	10.00	20.00	0.00
702	O31	55.00	100.00	100.00	0.00
191	O32	30.00	10.00	20.00	0.00
666	O33	10.00	100.00	100.00	0.00
72	P1	85.00	100.00	0.00	0.00
340	P2	10.00	70.00	40.00	0.00
483	P3	100.00	55.00	55.00	0.00
1047	P4	0.00	20.00	100.00	40.00
966	P5	100.00	0.00	0.00	40.00
1041	P6	100.00	0.00	70.00	40.00
972	P7	0.00	20.00	20.00	40.00
1043	P8	100.00	40.00	70.00	40.00
332	P9	0.00	85.00	40.00	0.00
153	P10	85.00	100.00	10.00	0.00
1020	P11	100.00	100.00	40.00	40.00
341	P12	10.00	85.00	40.00	0.00
645	P13	100.00	55.00	85.00	0.00
337	P14	10.00	30.00	40.00	0.00
1016	P15	100.00	0.00	40.00	40.00
975	P16	0.00	100.00	20.00	40.00
1026	P17	20.00	0.00	70.00	40.00
985	P18	40.00	100.00	20.00	40.00
1036	P19	70.00	0.00	70.00	40.00
995	P20	100.00	100.00	20.00	40.00
839	P21	0.00	10.00	40.00	20.00
413	P22	0.00	85.00	55.00	0.00
857	P23	40.00	10.00	40.00	20.00
449	P24	40.00	85.00	55.00	0.00
869	P25	100.00	10.00	40.00	20.00
504	P26	10.00	100.00	70.00	0.00
1403	P27	20.00	12.00	12.00	100.00
540	P28	55.00	100.00	70.00	0.00
137	P29	70.00	10.00	10.00	0.00
585	P30	10.00	100.00	85.00	0.00
190	P31	30.00	0.00	20.00	0.00
621	P32	55.00	100.00	85.00	0.00
226	P33	85.00	0.00	20.00	0.00
388	Q1	85.00	0.00	40.00	0.00
354	Q2	30.00	20.00	40.00	0.00
392	Q3	85.00	40.00	40.00	0.00
954	Q4	20.00	70.00	0.00	40.00
1065	Q5	70.00	100.00	100.00	40.00
990	Q6	70.00	100.00	20.00	40.00
1029	Q7	20.00	70.00	70.00	40.00
988	Q8	70.00	40.00	20.00	40.00
346	Q9	20.00	30.00	40.00	0.00
380	Q10	70.00	10.00	40.00	0.00
1011	Q11	70.00	0.00	40.00	40.00
355	Q12	30.00	30.00	40.00	0.00
393	Q13	85.00	55.00	40.00	0.00
359	Q14	30.00	85.00	40.00	0.00
1015	Q15	70.00	100.00	40.00	40.00
1044	Q16	100.00	70.00	70.00	40.00
987	Q17	70.00	20.00	20.00	40.00
1034	Q18	40.00	70.00	70.00	40.00
977	Q19	20.00	20.00	20.00	40.00
1024	Q20	0.00	70.00	70.00	40.00
461	Q21	70.00	10.00	55.00	0.00
447	Q22	40.00	55.00	55.00	0.00
425	Q23	20.00	10.00	55.00	0.00
411	Q24	0.00	55.00	55.00	0.00
844	Q25	10.00	0.00	40.00	20.00
637	Q26	85.00	70.00	85.00	0.00
129	Q27	55.00	20.00	10.00	0.00
601	Q28	30.00	70.00	85.00	0.00
1398	Q29	10.00	6.00	6.00	80.00
629	Q30	70.00	85.00	85.00	0.00
130	Q31	55.00	30.00	10.00	0.00
593	Q32	20.00	85.00	85.00	0.00
94	Q33	10.00	30.00	10.00	0.00
36	R1	30.00	100.00	0.00	0.00
376	R2	55.00	70.00	40.00	0.00
374	R3	55.00	40.00	40.00	0.00
1057	R4	40.00	20.00	100.00	40.00
956	R5	40.00	0.00	0.00	40.00
1031	R6	40.00	0.00	70.00	40.00
982	R7	40.00	20.00	20.00	40.00
1033	R8	40.00	40.00	70.00	40.00
368	R9	40.00	85.00	40.00	0.00
603	R10	30.00	100.00	85.00	0.00
1010	R11	40.00	100.00	40.00	40.00
377	R12	55.00	85.00	40.00	0.00
375	R13	55.00	55.00	40.00	0.00
373	R14	55.00	30.00	40.00	0.00
1006	R15	40.00	0.00	40.00	40.00
973	R16	0.00	40.00	20.00	40.00
1028	R17	20.00	40.00	70.00	40.00
983	R18	40.00	40.00	20.00	40.00
1038	R19	70.00	40.00	70.00	40.00
993	R20	100.00	40.00	20.00	40.00
846	R21	10.00	20.00	40.00	20.00
409	R22	0.00	30.00	55.00	0.00
427	R23	20.00	30.00	55.00	0.00
445	R24	40.00	30.00	55.00	0.00
463	R25	70.00	30.00	55.00	0.00
581	R26	10.00	40.00	85.00	0.00
105	R27	20.00	55.00	10.00	0.00
617	R28	55.00	40.00	85.00	0.00
141	R29	70.00	55.00	10.00	0.00
573	R30	0.00	55.00	85.00	0.00
194	R31	30.00	40.00	20.00	0.00
609	R32	40.00	55.00	85.00	0.00
1401	R33	60.00	45.00	45.00	100.00
352	S1	30.00	0.00	40.00	0.00
390	S2	85.00	20.00	40.00	0.00
356	S3	30.00	40.00	40.00	0.00
964	S4	70.00	70.00	0.00	40.00
1055	S5	20.00	100.00	100.00	40.00
980	S6	20.00	100.00	20.00	40.00
1039	S7	70.00	70.00	70.00	40.00
978	S8	20.00	40.00	20.00	40.00
382	S9	70.00	30.00	40.00	0.00
344	S10	20.00	10.00	40.00	0.00
1001	S11	20.00	0.00	40.00	40.00
391	S12	85.00	30.00	40.00	0.00
357	S13	30.00	55.00	40.00	0.00
395	S14	85.00	85.00	40.00	0.00
1005	S15	20.00	100.00	40.00	40.00
724	S16	100.00	30.00	100.00	0.00
475	S17	85.00	70.00	55.00	0.00
453	S18	55.00	20.00	55.00	0.00
439	S19	30.00	70.00	55.00	0.00
417	S20	10.00	20.00	55.00	0.00
969	S21	100.00	70.00	0.00	40.00
1062	S22	70.00	20.00	100.00	40.00
959	S23	40.00	70.00	0.00	40.00
1052	S24	20.00	20.00	100.00	40.00
949	S25	0.00	70.00	0.00	40.00
633	S26	85.00	20.00	85.00	0.00
133	S27	55.00	70.00	10.00	0.00
597	S28	30.00	20.00	85.00	0.00
97	S29	10.00	70.00	10.00	0.00
625	S30	70.00	30.00	85.00	0.00
134	S31	55.00	85.00	10.00	0.00
589	S32	20.00	30.00	85.00	0.00
98	S33	10.00	85.00	10.00	0.00
741	T1	10.00	100.00	0.00	20.00
485	T2	100.00	85.00	55.00	0.00
338	T3	10.00	40.00	40.00	0.00
1067	T4	100.00	20.00	100.00	40.00
946	T5	0.00	0.00	0.00	40.00
1021	T6	0.00	0.00	70.00	40.00
992	T7	100.00	20.00	20.00	40.00
1023	T8	0.00	40.00	70.00	40.00
566	T9	100.00	85.00	70.00	0.00
777	T10	10.00	100.00	10.00	20.00
1000	T11	0.00	100.00	40.00	40.00
647	T12	100.00	85.00	85.00	0.00
339	T13	10.00	55.00	40.00	0.00
643	T14	100.00	30.00	85.00	0.00
996	T15	0.00	0.00	40.00	40.00
415	T16	10.00	0.00	55.00	0.00
261	T17	10.00	100.00	30.00	0.00
451	T18	55.00	0.00	55.00	0.00
297	T19	55.00	100.00	30.00	0.00
146	T20	85.00	10.00	10.00	0.00
1050	T21	0.00	100.00	100.00	40.00
951	T22	20.00	0.00	0.00	40.00
1060	T23	40.00	100.00	100.00	40.00
961	T24	70.00	0.00	0.00	40.00
1070	T25	100.00	100.00	100.00	40.00
577	T26	10.00	0.00	85.00	0.00
522	T27	30.00	100.00	70.00	0.00
613	T28	55.00	0.00	85.00	0.00
1400	T29	80.00	65.00	65.00	100.00
569	T30	0.00	10.00	85.00	0.00
117	T31	30.00	100.00	10.00	0.00
605	T32	40.00	10.00	85.00	0.00
80	T33	100.00	85.00	0.00	0.00
772	U1	10.00	0.00	10.00	20.00
773	U2	10.00	10.00	10.00	20.00
1399	U3	100.00	85.00	85.00	100.00
737	U4	10.00	10.00	0.00	20.00
1408	U5	100.00	100.00	0.00	70.00
1409	U6	100.00	0.00	100.00	70.00
1410	U7	0.00	100.00	100.00	70.00
1411	U8	40.00	40.00	0.00	70.00
1412	U9	40.00	0.00	40.00	70.00
1413	U10	0.00	40.00	40.00	70.00
940	U11	100.00	0.00	100.00	20.00
759	U12	70.00	100.00	0.00	20.00
928	U13	40.00	0.00	100.00	20.00
747	U14	20.00	100.00	0.00	20.00
910	U15	0.00	0.00	100.00	20.00
917	U16	10.00	10.00	100.00	20.00
881	U17	10.00	10.00	70.00	20.00
1211	U18	100.00	100.00	0.00	80.00
672	U19	20.00	55.00	100.00	0.00
26	U20	20.00	85.00	0.00	0.00
717	U21	85.00	55.00	100.00	0.00
1227	U22	100.00	100.00	40.00	80.00
510	U23	20.00	55.00	70.00	0.00
269	U24	20.00	85.00	30.00	0.00
555	U25	85.00	55.00	70.00	0.00
396	U26	85.00	100.00	40.00	0.00
290	U27	55.00	10.00	30.00	0.00
360	U28	30.00	100.00	40.00	0.00
254	U29	10.00	10.00	30.00	0.00
477	U30	85.00	100.00	55.00	0.00
47	U31	55.00	10.00	0.00	0.00
441	U32	30.00	100.00	55.00	0.00
11	U33	10.00	10.00	0.00	0.00
1429	V1	7.00	0.00	0.00	7.00
1404	V2	10.00	6.00	6.00	100.00
1431	V3	7.00	7.00	0.00	7.00
1390	V4	40.00	27.00	27.00	60.00
1433	V5	7.00	0.00	7.00	7.00
1386	V6	10.00	6.00	6.00	40.00
1435	V7	7.00	7.00	7.00	7.00
1405	V8	100.00	0.00	0.00	70.00
1406	V9	0.00	100.00	0.00	70.00
1407	V10	0.00	0.00	100.00	70.00
732	V11	0.00	20.00	0.00	20.00
926	V12	20.00	70.00	100.00	20.00
750	V13	40.00	20.00	0.00	20.00
938	V14	70.00	70.00	100.00	20.00
762	V15	100.00	20.00	0.00	20.00
736	V16	10.00	0.00	0.00	20.00
811	V17	10.00	40.00	20.00	20.00
14	V18	10.00	40.00	0.00	0.00
688	V19	40.00	30.00	100.00	0.00
1206	V20	70.00	70.00	0.00	80.00
1245	V21	0.00	40.00	100.00	80.00
257	V22	10.00	40.00	30.00	0.00
526	V23	40.00	30.00	70.00	0.00
1222	V24	70.00	70.00	40.00	80.00
1229	V25	0.00	40.00	70.00	80.00
503	V26	10.00	85.00	70.00	0.00
274	V27	30.00	30.00	30.00	0.00
1239	V28	70.00	100.00	70.00	80.00
1225	V29	100.00	40.00	40.00	80.00
665	V30	10.00	85.00	100.00	0.00
31	V31	30.00	30.00	0.00	0.00
1255	V32	70.00	100.00	100.00	80.00
1209	V33	100.00	40.00	0.00	80.00
1480	W1	40.00	40.00	3.00	40.00
1481	W2	3.00	0.00	40.00	40.00
1482	W3	0.00	3.00	40.00	40.00
1483	W4	3.00	3.00	40.00	40.00
1484	W5	40.00	3.00	40.00	40.00
1485	W6	3.00	40.00	40.00	40.00
1425	W7	7.00	7.00	0.00	0.00
1426	W8	7.00	0.00	7.00	0.00
1368	W9	100.00	85.00	85.00	0.00
1428	W10	7.00	7.00	7.00	0.00
943	W11	100.00	40.00	100.00	20.00
757	W12	70.00	40.00	0.00	20.00
931	W13	40.00	40.00	100.00	20.00
745	W14	20.00	40.00	0.00	20.00
913	W15	0.00	40.00	100.00	20.00
882	W16	10.00	20.00	70.00	20.00
880	W17	10.00	0.00	70.00	20.00
67	W18	85.00	30.00	0.00	0.00
1248	W19	40.00	0.00	100.00	80.00
30	W20	30.00	20.00	0.00	0.00
713	W21	85.00	10.00	100.00	0.00
310	W22	85.00	30.00	30.00	0.00
1232	W23	40.00	0.00	70.00	80.00
273	W24	30.00	20.00	30.00	0.00
551	W25	85.00	10.00	70.00	0.00
1226	W26	100.00	70.00	40.00	80.00
517	W27	30.00	30.00	70.00	0.00
276	W28	30.00	55.00	30.00	0.00
1241	W29	100.00	40.00	70.00	80.00
1210	W30	100.00	70.00	0.00	80.00
679	W31	30.00	30.00	100.00	0.00
33	W32	30.00	55.00	0.00	0.00
1257	W33	100.00	40.00	100.00	80.00
1418	X1	3.00	0.00	0.00	3.00
1471	X2	3.00	40.00	0.00	40.00
1416	X3	0.00	3.00	3.00	0.00
1473	X4	3.00	0.00	3.00	40.00
1474	X5	40.00	0.00	3.00	40.00
1450	X6	0.00	40.00	0.00	3.00
1402	X7	40.00	27.00	27.00	100.00
1451	X8	3.00	40.00	0.00	3.00
1478	X9	0.00	40.00	3.00	40.00
1479	X10	3.00	40.00	3.00	40.00
238	X11	100.00	30.00	20.00	0.00
114	X12	30.00	55.00	10.00	0.00
607	X13	40.00	30.00	85.00	0.00
726	X14	100.00	55.00	100.00	0.00
571	X15	0.00	30.00	85.00	0.00
797	X16	100.00	10.00	10.00	20.00
885	X17	10.00	100.00	70.00	20.00
10	X18	10.00	0.00	0.00	0.00
296	X19	55.00	85.00	30.00	0.00
38	X20	40.00	10.00	0.00	0.00
259	X21	10.00	70.00	30.00	0.00
496	X22	10.00	0.00	70.00	0.00
701	X23	55.00	85.00	100.00	0.00
524	X24	40.00	10.00	70.00	0.00
664	X25	10.00	70.00	100.00	0.00
499	X26	10.00	30.00	70.00	0.00
278	X27	30.00	85.00	30.00	0.00
535	X28	55.00	30.00	70.00	0.00
314	X29	85.00	85.00	30.00	0.00
661	X30	10.00	30.00	100.00	0.00
35	X31	30.00	85.00	0.00	0.00
697	X32	55.00	30.00	100.00	0.00
71	X33	85.00	85.00	0.00	0.00
1455	Y1	0.00	40.00	3.00	3.00
1461	Y2	0.00	3.00	40.00	3.00
1448	Y3	40.00	0.00	0.00	3.00
1449	Y4	40.00	3.00	0.00	3.00
1464	Y5	0.00	40.00	40.00	3.00
1465	Y6	3.00	40.00	40.00	3.00
1419	Y7	0.00	3.00	0.00	3.00
1467	Y8	3.00	0.00	0.00	40.00
1468	Y9	0.00	3.00	0.00	40.00
1469	Y10	3.00	3.00	0.00	40.00
945	Y11	100.00	100.00	100.00	20.00
754	Y12	70.00	0.00	0.00	20.00
933	Y13	40.00	100.00	100.00	20.00
742	Y14	20.00	0.00	0.00	20.00
915	Y15	0.00	100.00	100.00	20.00
884	Y16	10.00	70.00	70.00	20.00
833	Y17	100.00	10.00	20.00	20.00
1259	Y18	100.00	100.00	100.00	80.00
1200	Y19	40.00	0.00	0.00	80.00
674	Y20	20.00	85.00	100.00	0.00
65	Y21	85.00	10.00	0.00	0.00
1243	Y22	100.00	100.00	70.00	80.00
1216	Y23	40.00	0.00	40.00	80.00
512	Y24	20.00	85.00	70.00	0.00
308	Y25	85.00	10.00	30.00	0.00
1224	Y26	100.00	0.00	40.00	80.00
521	Y27	30.00	85.00	70.00	0.00
272	Y28	30.00	10.00	30.00	0.00
557	Y29	85.00	85.00	70.00	0.00
1208	Y30	100.00	0.00	0.00	80.00
683	Y31	30.00	85.00	100.00	0.00
29	Y32	30.00	10.00	0.00	0.00
719	Y33	85.00	85.00	100.00	0.00
730	Z1	0.00	0.00	0.00	20.00
927	Z2	20.00	100.00	100.00	20.00
748	Z3	40.00	0.00	0.00	20.00
939	Z4	70.00	100.00	100.00	20.00
760	Z5	100.00	0.00	0.00	20.00
879	Z6	0.00	100.00	70.00	20.00
778	Z7	20.00	0.00	10.00	20.00
897	Z8	40.00	100.00	70.00	20.00
790	Z9	70.00	0.00	10.00	20.00
909	Z10	100.00	100.00	70.00	20.00
802	Z11	0.00	0.00	20.00	20.00
855	Z12	20.00	100.00	40.00	20.00
820	Z13	40.00	0.00	20.00	20.00
867	Z14	70.00	100.00	40.00	20.00
832	Z15	100.00	0.00	20.00	20.00
808	Z16	10.00	0.00	20.00	20.00
809	Z17	10.00	10.00	20.00	20.00
662	Z18	10.00	40.00	100.00	0.00
40	Z19	40.00	30.00	0.00	0.00
1254	Z20	70.00	70.00	100.00	80.00
1197	Z21	0.00	40.00	0.00	80.00
500	Z22	10.00	40.00	70.00	0.00
283	Z23	40.00	30.00	30.00	0.00
1238	Z24	70.00	70.00	70.00	80.00
1213	Z25	0.00	40.00	40.00	80.00
494	Z26	0.00	85.00	70.00	0.00
1220	Z27	70.00	0.00	40.00	80.00
530	Z28	40.00	85.00	70.00	0.00
245	Z29	0.00	10.00	30.00	0.00
656	Z30	0.00	85.00	100.00	0.00
1204	Z31	70.00	0.00	0.00	80.00
692	Z32	40.00	85.00	100.00	0.00
2	Z33	0.00	10.00	0.00	0.00
942	2A1	100.00	20.00	100.00	20.00
758	2A2	70.00	70.00	0.00	20.00
930	2A3	40.00	20.00	100.00	20.00
746	2A4	20.00	70.00	0.00	20.00
912	2A5	0.00	20.00	100.00	20.00
157	2A6	100.00	30.00	10.00	0.00
599	2A7	30.00	40.00	85.00	0.00
121	2A8	40.00	30.00	10.00	0.00
635	2A9	85.00	40.00	85.00	0.00
85	2A10	0.00	30.00	10.00	0.00
870	2A11	100.00	20.00	40.00	20.00
830	2A12	70.00	70.00	20.00	20.00
858	2A13	40.00	20.00	40.00	20.00
818	2A14	20.00	70.00	20.00	20.00
840	2A15	0.00	20.00	40.00	20.00
883	2A16	10.00	40.00	70.00	20.00
761	2A17	100.00	10.00	0.00	20.00
715	2A18	85.00	30.00	100.00	0.00
24	2A19	20.00	55.00	0.00	0.00
678	2A20	30.00	20.00	100.00	0.00
69	2A21	85.00	55.00	0.00	0.00
553	2A22	85.00	30.00	70.00	0.00
267	2A23	20.00	55.00	30.00	0.00
516	2A24	30.00	20.00	70.00	0.00
312	2A25	85.00	55.00	30.00	0.00
303	2A26	70.00	55.00	30.00	0.00
508	2A27	20.00	30.00	70.00	0.00
1218	2A28	40.00	70.00	40.00	80.00
544	2A29	70.00	30.00	70.00	0.00
60	2A30	70.00	55.00	0.00	0.00
670	2A31	20.00	30.00	100.00	0.00
1202	2A32	40.00	70.00	0.00	80.00
706	2A33	70.00	30.00	100.00	0.00
733	2B1	0.00	40.00	0.00	20.00
925	2B2	20.00	40.00	100.00	20.00
751	2B3	40.00	40.00	0.00	20.00
937	2B4	70.00	40.00	100.00	20.00
763	2B5	100.00	40.00	0.00	20.00
877	2B6	0.00	40.00	70.00	20.00
781	2B7	20.00	40.00	10.00	20.00
895	2B8	40.00	40.00	70.00	20.00
793	2B9	70.00	40.00	10.00	20.00
907	2B10	100.00	40.00	70.00	20.00
242	2B11	100.00	85.00	20.00	0.00
110	2B12	30.00	10.00	10.00	0.00
611	2B13	40.00	85.00	85.00	0.00
722	2B14	100.00	10.00	100.00	0.00
575	2B15	0.00	85.00	85.00	0.00
845	2B16	10.00	10.00	40.00	20.00
812	2B17	10.00	70.00	20.00	20.00
658	2B18	10.00	0.00	100.00	0.00
539	2B19	55.00	85.00	70.00	0.00
686	2B20	40.00	10.00	100.00	0.00
502	2B21	10.00	70.00	70.00	0.00
253	2B22	10.00	0.00	30.00	0.00
53	2B23	55.00	85.00	0.00	0.00
281	2B24	40.00	10.00	30.00	0.00
16	2B25	10.00	70.00	0.00	0.00
490	2B26	0.00	30.00	70.00	0.00
285	2B27	40.00	55.00	30.00	0.00
1237	2B28	70.00	40.00	70.00	80.00
249	2B29	0.00	55.00	30.00	0.00
652	2B30	0.00	30.00	100.00	0.00
42	2B31	40.00	55.00	0.00	0.00
1253	2B32	70.00	40.00	100.00	80.00
6	2B33	0.00	55.00	0.00	0.00
639	2C1	85.00	100.00	85.00	0.00
109	2C2	30.00	0.00	10.00	0.00
619	2C3	55.00	70.00	85.00	0.00
145	2C4	85.00	0.00	10.00	0.00
583	2C5	10.00	70.00	85.00	0.00
798	2C6	100.00	20.00	10.00	20.00
902	2C7	70.00	70.00	70.00	20.00
786	2C8	40.00	20.00	10.00	20.00
890	2C9	20.00	70.00	70.00	20.00
768	2C10	0.00	20.00	10.00	20.00
872	2C11	100.00	70.00	40.00	20.00
828	2C12	70.00	20.00	20.00	20.00
860	2C13	40.00	70.00	40.00	20.00
816	2C14	20.00	20.00	20.00	20.00
842	2C15	0.00	70.00	40.00	20.00
868	2C16	100.00	0.00	40.00	20.00
831	2C17	70.00	100.00	20.00	20.00
856	2C18	40.00	0.00	40.00	20.00
819	2C19	20.00	100.00	20.00	20.00
838	2C20	0.00	0.00	40.00	20.00
801	2C21	100.00	100.00	10.00	20.00
898	2C22	70.00	0.00	70.00	20.00
789	2C23	40.00	100.00	10.00	20.00
886	2C24	20.00	0.00	70.00	20.00
771	2C25	0.00	100.00	10.00	20.00
299	2C26	70.00	10.00	30.00	0.00
1235	2C27	40.00	100.00	70.00	80.00
263	2C28	20.00	10.00	30.00	0.00
548	2C29	70.00	85.00	70.00	0.00
56	2C30	70.00	10.00	0.00	0.00
1251	2C31	40.00	100.00	100.00	80.00
20	2C32	20.00	10.00	0.00	0.00
710	2C33	70.00	85.00	100.00	0.00
735	2D1	0.00	100.00	0.00	20.00
922	2D2	20.00	0.00	100.00	20.00
753	2D3	40.00	100.00	0.00	20.00
934	2D4	70.00	0.00	100.00	20.00
765	2D5	100.00	100.00	0.00	20.00
874	2D6	0.00	0.00	70.00	20.00
783	2D7	20.00	100.00	10.00	20.00
892	2D8	40.00	0.00	70.00	20.00
795	2D9	70.00	100.00	10.00	20.00
904	2D10	100.00	0.00	70.00	20.00
807	2D11	0.00	100.00	20.00	20.00
850	2D12	20.00	0.00	40.00	20.00
825	2D13	40.00	100.00	20.00	20.00
862	2D14	70.00	0.00	40.00	20.00
837	2D15	100.00	100.00	20.00	20.00
804	2D16	0.00	20.00	20.00	20.00
854	2D17	20.00	70.00	40.00	20.00
822	2D18	40.00	20.00	20.00	20.00
866	2D19	70.00	70.00	40.00	20.00
834	2D20	100.00	20.00	20.00	20.00
878	2D21	0.00	70.00	70.00	20.00
780	2D22	20.00	20.00	10.00	20.00
896	2D23	40.00	70.00	70.00	20.00
792	2D24	70.00	20.00	10.00	20.00
908	2D25	100.00	70.00	70.00	20.00
1231	2D26	0.00	100.00	70.00	80.00
289	2D27	55.00	0.00	30.00	0.00
538	2D28	55.00	70.00	70.00	0.00
1212	2D29	0.00	0.00	40.00	80.00
1247	2D30	0.00	100.00	100.00	80.00
46	2D31	55.00	0.00	0.00	0.00
700	2D32	55.00	70.00	100.00	0.00
1196	2D33	0.00	0.00	0.00	80.00
495	2E1	0.00	100.00	70.00	0.00
241	2E2	100.00	70.00	20.00	0.00
491	2E3	0.00	40.00	70.00	0.00
237	2E4	100.00	20.00	20.00	0.00
487	2E5	0.00	0.00	70.00	0.00
162	2E6	100.00	100.00	10.00	0.00
622	2E7	70.00	0.00	85.00	0.00
126	2E8	40.00	100.00	10.00	0.00
586	2E9	20.00	0.00	85.00	0.00
90	2E10	0.00	100.00	10.00	0.00
1175	2E11	0.00	100.00	100.00	60.00
1094	2E12	100.00	70.00	0.00	60.00
1173	2E13	0.00	40.00	100.00	60.00
1092	2E14	100.00	20.00	0.00	60.00
1171	2E15	0.00	0.00	100.00	60.00
871	2E16	100.00	40.00	40.00	20.00
829	2E17	70.00	40.00	20.00	20.00
859	2E18	40.00	40.00	40.00	20.00
817	2E19	20.00	40.00	20.00	20.00
841	2E20	0.00	40.00	40.00	20.00
161	2E21	100.00	85.00	10.00	0.00
595	2E22	30.00	0.00	85.00	0.00
125	2E23	40.00	85.00	10.00	0.00
631	2E24	85.00	0.00	85.00	0.00
89	2E25	0.00	85.00	10.00	0.00
311	2E26	85.00	40.00	30.00	0.00
1233	2E27	40.00	40.00	70.00	80.00
275	2E28	30.00	40.00	30.00	0.00
552	2E29	85.00	20.00	70.00	0.00
68	2E30	85.00	40.00	0.00	0.00
1249	2E31	40.00	40.00	100.00	80.00
32	2E32	30.00	40.00	0.00	0.00
714	2E33	85.00	20.00	100.00	0.00
181	2F1	20.00	0.00	20.00	0.00
543	2F2	70.00	20.00	70.00	0.00
185	2F3	20.00	40.00	20.00	0.00
547	2F4	70.00	70.00	70.00	0.00
189	2F5	20.00	100.00	20.00	0.00
574	2F6	0.00	70.00	85.00	0.00
102	2F7	20.00	20.00	10.00	0.00
610	2F8	40.00	70.00	85.00	0.00
138	2F9	70.00	20.00	10.00	0.00
646	2F10	100.00	70.00	85.00	0.00
1076	2F11	20.00	0.00	0.00	60.00
1187	2F12	70.00	20.00	100.00	60.00
1078	2F13	20.00	40.00	0.00	60.00
1189	2F14	70.00	70.00	100.00	60.00
1080	2F15	20.00	100.00	0.00	60.00
806	2F16	0.00	70.00	20.00	20.00
852	2F17	20.00	20.00	40.00	20.00
824	2F18	40.00	70.00	20.00	20.00
864	2F19	70.00	20.00	40.00	20.00
836	2F20	100.00	70.00	20.00	20.00
876	2F21	0.00	20.00	70.00	20.00
782	2F22	20.00	70.00	10.00	20.00
894	2F23	40.00	20.00	70.00	20.00
794	2F24	70.00	70.00	10.00	20.00
906	2F25	100.00	20.00	70.00	20.00
498	2F26	10.00	20.00	70.00	0.00
293	2F27	55.00	40.00	30.00	0.00
534	2F28	55.00	20.00	70.00	0.00
1214	2F29	0.00	70.00	40.00	80.00
660	2F30	10.00	20.00	100.00	0.00
50	2F31	55.00	40.00	0.00	0.00
696	2F32	55.00	20.00	100.00	0.00
1198	2F33	0.00	70.00	0.00	80.00
531	2G1	40.00	100.00	70.00	0.00
205	2G2	40.00	70.00	20.00	0.00
527	2G3	40.00	40.00	70.00	0.00
201	2G4	40.00	20.00	20.00	0.00
523	2G5	40.00	0.00	70.00	0.00
158	2G6	100.00	40.00	10.00	0.00
626	2G7	70.00	40.00	85.00	0.00
122	2G8	40.00	40.00	10.00	0.00
590	2G9	20.00	40.00	85.00	0.00
86	2G10	0.00	40.00	10.00	0.00
1185	2G11	40.00	100.00	100.00	60.00
1084	2G12	40.00	70.00	0.00	60.00
1183	2G13	40.00	40.00	100.00	60.00
1082	2G14	40.00	20.00	0.00	60.00
1181	2G15	40.00	0.00	100.00	60.00
472	2G16	85.00	30.00	55.00	0.00
113	2G17	30.00	40.00	10.00	0.00
615	2G18	55.00	20.00	85.00	0.00
149	2G19	85.00	40.00	10.00	0.00
579	2G20	10.00	20.00	85.00	0.00
796	2G21	100.00	0.00	10.00	20.00
903	2G22	70.00	100.00	70.00	20.00
784	2G23	40.00	0.00	10.00	20.00
891	2G24	20.00	100.00	70.00	20.00
766	2G25	0.00	0.00	10.00	20.00
307	2G26	85.00	0.00	30.00	0.00
520	2G27	30.00	70.00	70.00	0.00
271	2G28	30.00	0.00	30.00	0.00
556	2G29	85.00	70.00	70.00	0.00
64	2G30	85.00	0.00	0.00	0.00
682	2G31	30.00	70.00	100.00	0.00
28	2G32	30.00	0.00	0.00	0.00
718	2G33	85.00	70.00	100.00	0.00
217	2H1	70.00	0.00	20.00	0.00
507	2H2	20.00	20.00	70.00	0.00
221	2H3	70.00	40.00	20.00	0.00
511	2H4	20.00	70.00	70.00	0.00
225	2H5	70.00	100.00	20.00	0.00
570	2H6	0.00	20.00	85.00	0.00
106	2H7	20.00	70.00	10.00	0.00
606	2H8	40.00	20.00	85.00	0.00
142	2H9	70.00	70.00	10.00	0.00
642	2H10	100.00	20.00	85.00	0.00
1086	2H11	70.00	0.00	0.00	60.00
1177	2H12	20.00	20.00	100.00	60.00
1088	2H13	70.00	40.00	0.00	60.00
1179	2H14	20.00	70.00	100.00	60.00
1090	2H15	70.00	100.00	0.00	60.00
1441	2H16	3.00	40.00	3.00	0.00
1442	2H17	40.00	40.00	3.00	0.00
1445	2H18	3.00	3.00	40.00	0.00
1452	2H19	40.00	40.00	0.00	3.00
1475	2H20	0.00	3.00	3.00	40.00
1460	2H21	40.00	0.00	40.00	3.00
1439	2H22	40.00	3.00	3.00	0.00
1470	2H23	40.00	3.00	0.00	40.00
1458	2H24	0.00	0.00	40.00	3.00
1459	2H25	3.00	0.00	40.00	3.00
17	2H26	10.00	85.00	0.00	0.00
695	2H27	55.00	10.00	100.00	0.00
1207	2H28	70.00	100.00	0.00	80.00
659	2H29	10.00	10.00	100.00	0.00
260	2H30	10.00	85.00	30.00	0.00
533	2H31	55.00	10.00	70.00	0.00
1223	2H32	70.00	100.00	40.00	80.00
497	2H33	10.00	10.00	70.00	0.00
567	2I1	100.00	100.00	70.00	0.00
169	2I2	0.00	70.00	20.00	0.00
563	2I3	100.00	40.00	70.00	0.00
165	2I4	0.00	20.00	20.00	0.00
559	2I5	100.00	0.00	70.00	0.00
154	2I6	100.00	0.00	10.00	0.00
630	2I7	70.00	100.00	85.00	0.00
118	2I8	40.00	0.00	10.00	0.00
594	2I9	20.00	100.00	85.00	0.00
82	2I10	0.00	0.00	10.00	0.00
1195	2I11	100.00	100.00	100.00	60.00
1074	2I12	0.00	70.00	0.00	60.00
1193	2I13	100.00	40.00	100.00	60.00
1072	2I14	0.00	20.00	0.00	60.00
1191	2I15	100.00	0.00	100.00	60.00
1456	2I16	3.00	40.00	3.00	3.00
1457	2I17	40.00	40.00	3.00	3.00
1462	2I18	3.00	3.00	40.00	3.00
1466	2I19	40.00	40.00	40.00	3.00
1476	2I20	3.00	3.00	3.00	40.00
1463	2I21	40.00	3.00	40.00	3.00
1454	2I22	40.00	3.00	3.00	3.00
1477	2I23	40.00	3.00	3.00	40.00
1383	2I24	60.00	45.00	45.00	40.00
1421	2I25	0.00	0.00	3.00	3.00
1258	2I26	100.00	70.00	100.00	80.00
51	2I27	55.00	55.00	0.00	0.00
681	2I28	30.00	55.00	100.00	0.00
15	2I29	10.00	55.00	0.00	0.00
1242	2I30	100.00	70.00	70.00	80.00
294	2I31	55.00	55.00	30.00	0.00
519	2I32	30.00	55.00	70.00	0.00
258	2I33	10.00	55.00	30.00	0.00
244	2J1	0.00	0.00	30.00	0.00
432	2J2	20.00	100.00	55.00	0.00
280	2J3	40.00	0.00	30.00	0.00
468	2J4	70.00	100.00	55.00	0.00
316	2J5	100.00	0.00	30.00	0.00
1141	2J6	100.00	0.00	40.00	60.00
1122	2J7	0.00	20.00	40.00	60.00
1143	2J8	100.00	40.00	40.00	60.00
1124	2J9	0.00	70.00	40.00	60.00
1145	2J10	100.00	100.00	40.00	60.00
406	2J11	0.00	0.00	55.00	0.00
270	2J12	20.00	100.00	30.00	0.00
442	2J13	40.00	0.00	55.00	0.00
306	2J14	70.00	100.00	30.00	0.00
478	2J15	100.00	0.00	55.00	0.00
1316	2J16	0.00	50.00	0.00	0.00
1317	2J17	0.00	40.00	0.00	0.00
1336	2J18	0.00	0.00	50.00	0.00
1337	2J19	0.00	0.00	40.00	0.00
1356	2J20	0.00	0.00	0.00	50.00
1357	2J21	0.00	0.00	0.00	40.00
1296	2J22	50.00	0.00	0.00	0.00
1297	2J23	40.00	0.00	0.00	0.00
1423	2J24	0.00	3.00	3.00	3.00
1446	2J25	40.00	3.00	40.00	0.00
13	2J26	10.00	30.00	0.00	0.00
699	2J27	55.00	55.00	100.00	0.00
49	2J28	55.00	30.00	0.00	0.00
663	2J29	10.00	55.00	100.00	0.00
256	2J30	10.00	30.00	30.00	0.00
537	2J31	55.00	55.00	70.00	0.00
292	2J32	55.00	30.00	30.00	0.00
501	2J33	10.00	55.00	70.00	0.00
480	2K1	100.00	20.00	55.00	0.00
304	2K2	70.00	70.00	30.00	0.00
444	2K3	40.00	20.00	55.00	0.00
268	2K4	20.00	70.00	30.00	0.00
408	2K5	0.00	20.00	55.00	0.00
1140	2K6	70.00	100.00	40.00	60.00
1129	2K7	20.00	70.00	40.00	60.00
1138	2K8	70.00	40.00	40.00	60.00
1127	2K9	20.00	20.00	40.00	60.00
1136	2K10	70.00	0.00	40.00	60.00
318	2K11	100.00	20.00	30.00	0.00
466	2K12	70.00	70.00	55.00	0.00
282	2K13	40.00	20.00	30.00	0.00
430	2K14	20.00	70.00	55.00	0.00
246	2K15	0.00	20.00	30.00	0.00
1335	2K16	0.00	0.00	60.00	0.00
1338	2K17	0.00	0.00	30.00	0.00
1071	2K18	0.00	0.00	0.00	60.00
1358	2K19	0.00	0.00	0.00	30.00
1295	2K20	60.00	0.00	0.00	0.00
1298	2K21	30.00	0.00	0.00	0.00
1315	2K22	0.00	60.00	0.00	0.00
4	2K23	0.00	30.00	0.00	0.00
1443	2K24	3.00	0.00	40.00	0.00
1444	2K25	0.00	3.00	40.00	0.00
1256	2K26	100.00	0.00	100.00	80.00
459	2K27	55.00	100.00	55.00	0.00
677	2K28	30.00	10.00	100.00	0.00
423	2K29	10.00	100.00	55.00	0.00
1240	2K30	100.00	0.00	70.00	80.00
378	2K31	55.00	100.00	40.00	0.00
515	2K32	30.00	10.00	70.00	0.00
342	2K33	10.00	100.00	40.00	0.00
248	2L1	0.00	40.00	30.00	0.00
428	2L2	20.00	40.00	55.00	0.00
284	2L3	40.00	40.00	30.00	0.00
464	2L4	70.00	40.00	55.00	0.00
320	2L5	100.00	40.00	30.00	0.00
1131	2L6	40.00	0.00	40.00	60.00
1132	2L7	40.00	20.00	40.00	60.00
1133	2L8	40.00	40.00	40.00	60.00
1134	2L9	40.00	70.00	40.00	60.00
1135	2L10	40.00	100.00	40.00	60.00
410	2L11	0.00	40.00	55.00	0.00
266	2L12	20.00	40.00	30.00	0.00
446	2L13	40.00	40.00	55.00	0.00
302	2L14	70.00	40.00	30.00	0.00
482	2L15	100.00	40.00	55.00	0.00
1334	2L16	0.00	0.00	70.00	0.00
1339	2L17	0.00	0.00	25.00	0.00
1354	2L18	0.00	0.00	0.00	70.00
1359	2L19	0.00	0.00	0.00	25.00
1294	2L20	70.00	0.00	0.00	0.00
1299	2L21	25.00	0.00	0.00	0.00
1314	2L22	0.00	70.00	0.00	0.00
1319	2L23	0.00	25.00	0.00	0.00
1422	2L24	3.00	0.00	3.00	3.00
1453	2L25	40.00	0.00	3.00	3.00
8	2L26	0.00	85.00	0.00	0.00
1252	2L27	70.00	0.00	100.00	80.00
44	2L28	40.00	85.00	0.00	0.00
650	2L29	0.00	10.00	100.00	0.00
251	2L30	0.00	85.00	30.00	0.00
1236	2L31	70.00	0.00	70.00	80.00
287	2L32	40.00	85.00	30.00	0.00
488	2L33	0.00	10.00	70.00	0.00
484	2M1	100.00	70.00	55.00	0.00
300	2M2	70.00	20.00	30.00	0.00
448	2M3	40.00	70.00	55.00	0.00
264	2M4	20.00	20.00	30.00	0.00
412	2M5	0.00	70.00	55.00	0.00
1130	2M6	20.00	100.00	40.00	60.00
1139	2M7	70.00	70.00	40.00	60.00
1128	2M8	20.00	40.00	40.00	60.00
1137	2M9	70.00	20.00	40.00	60.00
1126	2M10	20.00	0.00	40.00	60.00
322	2M11	100.00	70.00	30.00	0.00
462	2M12	70.00	20.00	55.00	0.00
286	2M13	40.00	70.00	30.00	0.00
426	2M14	20.00	20.00	55.00	0.00
250	2M15	0.00	70.00	30.00	0.00
1333	2M16	0.00	0.00	75.00	0.00
163	2M17	0.00	0.00	20.00	0.00
1353	2M18	0.00	0.00	0.00	75.00
1360	2M19	0.00	0.00	0.00	20.00
1293	2M20	75.00	0.00	0.00	0.00
1300	2M21	20.00	0.00	0.00	0.00
1313	2M22	0.00	75.00	0.00	0.00
1320	2M23	0.00	20.00	0.00	0.00
1447	2M24	3.00	40.00	40.00	0.00
1440	2M25	0.00	40.00	3.00	0.00
708	2M26	70.00	55.00	100.00	0.00
22	2M27	20.00	30.00	0.00	0.00
1250	2M28	40.00	70.00	100.00	80.00
58	2M29	70.00	30.00	0.00	0.00
546	2M30	70.00	55.00	70.00	0.00
265	2M31	20.00	30.00	30.00	0.00
1234	2M32	40.00	70.00	70.00	80.00
301	2M33	70.00	30.00	30.00	0.00
252	2N1	0.00	100.00	30.00	0.00
424	2N2	20.00	0.00	55.00	0.00
288	2N3	40.00	100.00	30.00	0.00
460	2N4	70.00	0.00	55.00	0.00
324	2N5	100.00	100.00	30.00	0.00
1121	2N6	0.00	0.00	40.00	60.00
1142	2N7	100.00	20.00	40.00	60.00
1123	2N8	0.00	40.00	40.00	60.00
1144	2N9	100.00	70.00	40.00	60.00
1125	2N10	0.00	100.00	40.00	60.00
414	2N11	0.00	100.00	55.00	0.00
262	2N12	20.00	0.00	30.00	0.00
450	2N13	40.00	100.00	55.00	0.00
298	2N14	70.00	0.00	30.00	0.00
486	2N15	100.00	100.00	55.00	0.00
1352	2N16	0.00	0.00	0.00	80.00
1361	2N17	0.00	0.00	0.00	15.00
1292	2N18	80.00	0.00	0.00	0.00
1301	2N19	15.00	0.00	0.00	0.00
1312	2N20	0.00	80.00	0.00	0.00
1321	2N21	0.00	15.00	0.00	0.00
1332	2N22	0.00	0.00	80.00	0.00
1341	2N23	0.00	0.00	15.00	0.00
1472	2N24	0.00	0.00	3.00	40.00
1417	2N25	3.00	3.00	3.00	0.00
1318	2N26	0.00	30.00	0.00	0.00
690	2N27	40.00	55.00	100.00	0.00
1205	2N28	70.00	40.00	0.00	80.00
654	2N29	0.00	55.00	100.00	0.00
247	2N30	0.00	30.00	30.00	0.00
528	2N31	40.00	55.00	70.00	0.00
1221	2N32	70.00	40.00	40.00	80.00
492	2N33	0.00	55.00	70.00	0.00
1075	2O1	0.00	100.00	0.00	60.00
1194	2O2	100.00	70.00	100.00	60.00
1073	2O3	0.00	40.00	0.00	60.00
1192	2O4	100.00	20.00	100.00	60.00
1355	2O5	0.00	0.00	0.00	60.00
648	2O6	100.00	100.00	85.00	0.00
136	2O7	70.00	0.00	10.00	0.00
612	2O8	40.00	100.00	85.00	0.00
100	2O9	20.00	0.00	10.00	0.00
576	2O10	0.00	100.00	85.00	0.00
171	2O11	0.00	100.00	20.00	0.00
565	2O12	100.00	70.00	70.00	0.00
167	2O13	0.00	40.00	20.00	0.00
561	2O14	100.00	20.00	70.00	0.00
1340	2O15	0.00	0.00	20.00	0.00
1351	2O16	0.00	0.00	0.00	85.00
1362	2O17	0.00	0.00	0.00	10.00
1291	2O18	85.00	0.00	0.00	0.00
1302	2O19	10.00	0.00	0.00	0.00
1311	2O20	0.00	85.00	0.00	0.00
1322	2O21	0.00	10.00	0.00	0.00
568	2O22	0.00	0.00	85.00	0.00
1342	2O23	0.00	0.00	10.00	0.00
1374	2O24	5.00	3.00	3.00	0.00
1438	2O25	40.00	0.00	3.00	0.00
704	2O26	70.00	10.00	100.00	0.00
1203	2O27	40.00	100.00	0.00	80.00
668	2O28	20.00	10.00	100.00	0.00
62	2O29	70.00	85.00	0.00	0.00
542	2O30	70.00	10.00	70.00	0.00
1219	2O31	40.00	100.00	40.00	80.00
506	2O32	20.00	10.00	70.00	0.00
305	2O33	70.00	85.00	30.00	0.00
1176	2P1	20.00	0.00	100.00	60.00
1087	2P2	70.00	20.00	0.00	60.00
1178	2P3	20.00	40.00	100.00	60.00
1089	2P4	70.00	70.00	0.00	60.00
1180	2P5	20.00	100.00	100.00	60.00
88	2P6	0.00	70.00	10.00	0.00
588	2P7	20.00	20.00	85.00	0.00
124	2P8	40.00	70.00	10.00	0.00
624	2P9	70.00	20.00	85.00	0.00
160	2P10	100.00	70.00	10.00	0.00
505	2P11	20.00	0.00	70.00	0.00
219	2P12	70.00	20.00	20.00	0.00
509	2P13	20.00	40.00	70.00	0.00
223	2P14	70.00	70.00	20.00	0.00
513	2P15	20.00	100.00	70.00	0.00
1350	2P16	0.00	0.00	0.00	90.00
1363	2P17	0.00	0.00	0.00	7.00
1290	2P18	90.00	0.00	0.00	0.00
1303	2P19	7.00	0.00	0.00	0.00
1310	2P20	0.00	90.00	0.00	0.00
1323	2P21	0.00	7.00	0.00	0.00
1330	2P22	0.00	0.00	90.00	0.00
1343	2P23	0.00	0.00	7.00	0.00
1373	2P24	10.00	6.00	6.00	0.00
1415	2P25	3.00	0.00	3.00	0.00
1199	2P26	0.00	100.00	0.00	80.00
694	2P27	55.00	0.00	100.00	0.00
52	2P28	55.00	70.00	0.00	0.00
1244	2P29	0.00	0.00	100.00	80.00
1215	2P30	0.00	100.00	40.00	80.00
532	2P31	55.00	0.00	70.00	0.00
295	2P32	55.00	70.00	30.00	0.00
1228	2P33	0.00	0.00	70.00	80.00
1085	2Q1	40.00	100.00	0.00	60.00
1184	2Q2	40.00	70.00	100.00	60.00
1083	2Q3	40.00	40.00	0.00	60.00
1182	2Q4	40.00	20.00	100.00	60.00
1081	2Q5	40.00	0.00	0.00	60.00
644	2Q6	100.00	40.00	85.00	0.00
140	2Q7	70.00	40.00	10.00	0.00
608	2Q8	40.00	40.00	85.00	0.00
104	2Q9	20.00	40.00	10.00	0.00
572	2Q10	0.00	40.00	85.00	0.00
207	2Q11	40.00	100.00	20.00	0.00
529	2Q12	40.00	70.00	70.00	0.00
203	2Q13	40.00	40.00	20.00	0.00
525	2Q14	40.00	20.00	70.00	0.00
199	2Q15	40.00	0.00	20.00	0.00
1289	2Q16	95.00	0.00	0.00	0.00
1304	2Q17	5.00	0.00	0.00	0.00
1309	2Q18	0.00	95.00	0.00	0.00
1324	2Q19	0.00	5.00	0.00	0.00
1329	2Q20	0.00	0.00	95.00	0.00
1344	2Q21	0.00	0.00	5.00	0.00
1349	2Q22	0.00	0.00	0.00	95.00
1364	2Q23	0.00	0.00	0.00	5.00
1372	2Q24	20.00	12.00	12.00	0.00
1437	2Q25	3.00	40.00	0.00	0.00
716	2Q26	85.00	40.00	100.00	0.00
1201	2Q27	40.00	40.00	0.00	80.00
680	2Q28	30.00	40.00	100.00	0.00
66	2Q29	85.00	20.00	0.00	0.00
554	2Q30	85.00	40.00	70.00	0.00
1217	2Q31	40.00	40.00	40.00	80.00
518	2Q32	30.00	40.00	70.00	0.00
309	2Q33	85.00	20.00	30.00	0.00
1186	2R1	70.00	0.00	100.00	60.00
1077	2R2	20.00	20.00	0.00	60.00
1188	2R3	70.00	40.00	100.00	60.00
1079	2R4	20.00	70.00	0.00	60.00
1190	2R5	70.00	100.00	100.00	60.00
84	2R6	0.00	20.00	10.00	0.00
592	2R7	20.00	70.00	85.00	0.00
120	2R8	40.00	20.00	10.00	0.00
628	2R9	70.00	70.00	85.00	0.00
156	2R10	100.00	20.00	10.00	0.00
541	2R11	70.00	0.00	70.00	0.00
183	2R12	20.00	20.00	20.00	0.00
545	2R13	70.00	40.00	70.00	0.00
187	2R14	20.00	70.00	20.00	0.00
549	2R15	70.00	100.00	70.00	0.00
1288	2R16	98.00	0.00	0.00	0.00
1305	2R17	3.00	0.00	0.00	0.00
1308	2R18	0.00	98.00	0.00	0.00
1325	2R19	0.00	3.00	0.00	0.00
1328	2R20	0.00	0.00	98.00	0.00
1345	2R21	0.00	0.00	3.00	0.00
1348	2R22	0.00	0.00	0.00	98.00
1365	2R23	0.00	0.00	0.00	3.00
1371	2R24	40.00	27.00	27.00	0.00
1436	2R25	40.00	3.00	0.00	0.00
12	2R26	10.00	20.00	0.00	0.00
698	2R27	55.00	40.00	100.00	0.00
48	2R28	55.00	20.00	0.00	0.00
1246	2R29	0.00	70.00	100.00	80.00
255	2R30	10.00	20.00	30.00	0.00
536	2R31	55.00	40.00	70.00	0.00
291	2R32	55.00	20.00	30.00	0.00
1230	2R33	0.00	70.00	70.00	80.00
1095	2S1	100.00	100.00	0.00	60.00
1174	2S2	0.00	70.00	100.00	60.00
1093	2S3	100.00	40.00	0.00	60.00
1172	2S4	0.00	20.00	100.00	60.00
1091	2S5	100.00	0.00	0.00	60.00
640	2S6	100.00	0.00	85.00	0.00
144	2S7	70.00	100.00	10.00	0.00
604	2S8	40.00	0.00	85.00	0.00
108	2S9	20.00	100.00	10.00	0.00
1331	2S10	0.00	0.00	85.00	0.00
243	2S11	100.00	100.00	20.00	0.00
493	2S12	0.00	70.00	70.00	0.00
239	2S13	100.00	40.00	20.00	0.00
489	2S14	0.00	20.00	70.00	0.00
235	2S15	100.00	0.00	20.00	0.00
1287	2S16	100.00	0.00	0.00	0.00
1306	2S17	2.00	0.00	0.00	0.00
1307	2S18	0.00	100.00	0.00	0.00
1326	2S19	0.00	2.00	0.00	0.00
1327	2S20	0.00	0.00	100.00	0.00
1346	2S21	0.00	0.00	2.00	0.00
1347	2S22	0.00	0.00	0.00	100.00
1366	2S23	0.00	0.00	0.00	2.00
1370	2S24	60.00	45.00	45.00	0.00
1414	2S25	3.00	3.00	0.00	0.00
712	2S26	85.00	0.00	100.00	0.00
34	2S27	30.00	70.00	0.00	0.00
676	2S28	30.00	0.00	100.00	0.00
70	2S29	85.00	70.00	0.00	0.00
550	2S30	85.00	0.00	70.00	0.00
277	2S31	30.00	70.00	30.00	0.00
514	2S32	30.00	0.00	70.00	0.00
313	2S33	85.00	70.00	30.00	0.00
END_DATA
