LOGO_ECI2002
LGOROWLENGTH	33
LGOMCCMYKSEPARATION	"UseCMYKSep = true Separation = { SepID = 6 StartK = '40' WidthK = '1' MaxC = '100' MaxM = '100' MaxY = '100' MaxK = '100' MaxCMYK = '400' } "
CREATED	"11/24/2005"  # Time: 14:22
KEYWORD	"SampleID"
KEYWORD	"SAMPLE_NAME"
NUMBER_OF_FIELDS	6
BEGIN_DATA_FORMAT
SampleID	SAMPLE_NAME	CMYK_C	CMYK_M	CMYK_Y	CMYK_K
END_DATA_FORMAT
NUMBER_OF_SETS	1485
BEGIN_DATA
171	A1	0.00	100.00	20.00	0.00
170	A2	0.00	85.00	20.00	0.00
169	A3	0.00	70.00	20.00	0.00
168	A4	0.00	55.00	20.00	0.00
167	A5	0.00	40.00	20.00	0.00
166	A6	0.00	30.00	20.00	0.00
165	A7	0.00	20.00	20.00	0.00
164	A8	0.00	10.00	20.00	0.00
163	A9	0.00	0.00	20.00	0.00
90	A10	0.00	100.00	10.00	0.00
89	A11	0.00	85.00	10.00	0.00
88	A12	0.00	70.00	10.00	0.00
87	A13	0.00	55.00	10.00	0.00
86	A14	0.00	40.00	10.00	0.00
85	A15	0.00	30.00	10.00	0.00
84	A16	0.00	20.00	10.00	0.00
83	A17	0.00	10.00	10.00	0.00
82	A18	0.00	0.00	10.00	0.00
9	A19	0.00	100.00	0.00	0.00
8	A20	0.00	85.00	0.00	0.00
7	A21	0.00	70.00	0.00	0.00
6	A22	0.00	55.00	0.00	0.00
5	A23	0.00	40.00	0.00	0.00
4	A24	0.00	30.00	0.00	0.00
3	A25	0.00	20.00	0.00	0.00
2	A26	0.00	10.00	0.00	0.00
1	A27	0.00	0.00	0.00	0.00
735	A28	0.00	100.00	0.00	20.00
734	A29	0.00	70.00	0.00	20.00
733	A30	0.00	40.00	0.00	20.00
732	A31	0.00	20.00	0.00	20.00
731	A32	0.00	10.00	0.00	20.00
730	A33	0.00	0.00	0.00	20.00
180	B1	10.00	100.00	20.00	0.00
179	B2	10.00	85.00	20.00	0.00
178	B3	10.00	70.00	20.00	0.00
177	B4	10.00	55.00	20.00	0.00
176	B5	10.00	40.00	20.00	0.00
175	B6	10.00	30.00	20.00	0.00
174	B7	10.00	20.00	20.00	0.00
173	B8	10.00	10.00	20.00	0.00
172	B9	10.00	0.00	20.00	0.00
99	B10	10.00	100.00	10.00	0.00
98	B11	10.00	85.00	10.00	0.00
97	B12	10.00	70.00	10.00	0.00
96	B13	10.00	55.00	10.00	0.00
95	B14	10.00	40.00	10.00	0.00
94	B15	10.00	30.00	10.00	0.00
93	B16	10.00	20.00	10.00	0.00
92	B17	10.00	10.00	10.00	0.00
91	B18	10.00	0.00	10.00	0.00
18	B19	10.00	100.00	0.00	0.00
17	B20	10.00	85.00	0.00	0.00
16	B21	10.00	70.00	0.00	0.00
15	B22	10.00	55.00	0.00	0.00
14	B23	10.00	40.00	0.00	0.00
13	B24	10.00	30.00	0.00	0.00
12	B25	10.00	20.00	0.00	0.00
11	B26	10.00	10.00	0.00	0.00
10	B27	10.00	0.00	0.00	0.00
741	B28	10.00	100.00	0.00	20.00
740	B29	10.00	70.00	0.00	20.00
739	B30	10.00	40.00	0.00	20.00
738	B31	10.00	20.00	0.00	20.00
737	B32	10.00	10.00	0.00	20.00
736	B33	10.00	0.00	0.00	20.00
189	C1	20.00	100.00	20.00	0.00
188	C2	20.00	85.00	20.00	0.00
187	C3	20.00	70.00	20.00	0.00
186	C4	20.00	55.00	20.00	0.00
185	C5	20.00	40.00	20.00	0.00
184	C6	20.00	30.00	20.00	0.00
183	C7	20.00	20.00	20.00	0.00
182	C8	20.00	10.00	20.00	0.00
181	C9	20.00	0.00	20.00	0.00
108	C10	20.00	100.00	10.00	0.00
107	C11	20.00	85.00	10.00	0.00
106	C12	20.00	70.00	10.00	0.00
105	C13	20.00	55.00	10.00	0.00
104	C14	20.00	40.00	10.00	0.00
103	C15	20.00	30.00	10.00	0.00
102	C16	20.00	20.00	10.00	0.00
101	C17	20.00	10.00	10.00	0.00
100	C18	20.00	0.00	10.00	0.00
27	C19	20.00	100.00	0.00	0.00
26	C20	20.00	85.00	0.00	0.00
25	C21	20.00	70.00	0.00	0.00
24	C22	20.00	55.00	0.00	0.00
23	C23	20.00	40.00	0.00	0.00
22	C24	20.00	30.00	0.00	0.00
21	C25	20.00	20.00	0.00	0.00
20	C26	20.00	10.00	0.00	0.00
19	C27	20.00	0.00	0.00	0.00
747	C28	20.00	100.00	0.00	20.00
746	C29	20.00	70.00	0.00	20.00
745	C30	20.00	40.00	0.00	20.00
744	C31	20.00	20.00	0.00	20.00
743	C32	20.00	10.00	0.00	20.00
742	C33	20.00	0.00	0.00	20.00
198	D1	30.00	100.00	20.00	0.00
197	D2	30.00	85.00	20.00	0.00
196	D3	30.00	70.00	20.00	0.00
195	D4	30.00	55.00	20.00	0.00
194	D5	30.00	40.00	20.00	0.00
193	D6	30.00	30.00	20.00	0.00
192	D7	30.00	20.00	20.00	0.00
191	D8	30.00	10.00	20.00	0.00
190	D9	30.00	0.00	20.00	0.00
117	D10	30.00	100.00	10.00	0.00
116	D11	30.00	85.00	10.00	0.00
115	D12	30.00	70.00	10.00	0.00
114	D13	30.00	55.00	10.00	0.00
113	D14	30.00	40.00	10.00	0.00
112	D15	30.00	30.00	10.00	0.00
111	D16	30.00	20.00	10.00	0.00
110	D17	30.00	10.00	10.00	0.00
109	D18	30.00	0.00	10.00	0.00
36	D19	30.00	100.00	0.00	0.00
35	D20	30.00	85.00	0.00	0.00
34	D21	30.00	70.00	0.00	0.00
33	D22	30.00	55.00	0.00	0.00
32	D23	30.00	40.00	0.00	0.00
31	D24	30.00	30.00	0.00	0.00
30	D25	30.00	20.00	0.00	0.00
29	D26	30.00	10.00	0.00	0.00
28	D27	30.00	0.00	0.00	0.00
753	D28	40.00	100.00	0.00	20.00
752	D29	40.00	70.00	0.00	20.00
751	D30	40.00	40.00	0.00	20.00
750	D31	40.00	20.00	0.00	20.00
749	D32	40.00	10.00	0.00	20.00
748	D33	40.00	0.00	0.00	20.00
207	E1	40.00	100.00	20.00	0.00
206	E2	40.00	85.00	20.00	0.00
205	E3	40.00	70.00	20.00	0.00
204	E4	40.00	55.00	20.00	0.00
203	E5	40.00	40.00	20.00	0.00
202	E6	40.00	30.00	20.00	0.00
201	E7	40.00	20.00	20.00	0.00
200	E8	40.00	10.00	20.00	0.00
199	E9	40.00	0.00	20.00	0.00
126	E10	40.00	100.00	10.00	0.00
125	E11	40.00	85.00	10.00	0.00
124	E12	40.00	70.00	10.00	0.00
123	E13	40.00	55.00	10.00	0.00
122	E14	40.00	40.00	10.00	0.00
121	E15	40.00	30.00	10.00	0.00
120	E16	40.00	20.00	10.00	0.00
119	E17	40.00	10.00	10.00	0.00
118	E18	40.00	0.00	10.00	0.00
45	E19	40.00	100.00	0.00	0.00
44	E20	40.00	85.00	0.00	0.00
43	E21	40.00	70.00	0.00	0.00
42	E22	40.00	55.00	0.00	0.00
41	E23	40.00	40.00	0.00	0.00
40	E24	40.00	30.00	0.00	0.00
39	E25	40.00	20.00	0.00	0.00
38	E26	40.00	10.00	0.00	0.00
37	E27	40.00	0.00	0.00	0.00
759	E28	70.00	100.00	0.00	20.00
758	E29	70.00	70.00	0.00	20.00
757	E30	70.00	40.00	0.00	20.00
756	E31	70.00	20.00	0.00	20.00
755	E32	70.00	10.00	0.00	20.00
754	E33	70.00	0.00	0.00	20.00
216	F1	55.00	100.00	20.00	0.00
215	F2	55.00	85.00	20.00	0.00
214	F3	55.00	70.00	20.00	0.00
213	F4	55.00	55.00	20.00	0.00
212	F5	55.00	40.00	20.00	0.00
211	F6	55.00	30.00	20.00	0.00
210	F7	55.00	20.00	20.00	0.00
209	F8	55.00	10.00	20.00	0.00
208	F9	55.00	0.00	20.00	0.00
135	F10	55.00	100.00	10.00	0.00
134	F11	55.00	85.00	10.00	0.00
133	F12	55.00	70.00	10.00	0.00
132	F13	55.00	55.00	10.00	0.00
131	F14	55.00	40.00	10.00	0.00
130	F15	55.00	30.00	10.00	0.00
129	F16	55.00	20.00	10.00	0.00
128	F17	55.00	10.00	10.00	0.00
127	F18	55.00	0.00	10.00	0.00
54	F19	55.00	100.00	0.00	0.00
53	F20	55.00	85.00	0.00	0.00
52	F21	55.00	70.00	0.00	0.00
51	F22	55.00	55.00	0.00	0.00
50	F23	55.00	40.00	0.00	0.00
49	F24	55.00	30.00	0.00	0.00
48	F25	55.00	20.00	0.00	0.00
47	F26	55.00	10.00	0.00	0.00
46	F27	55.00	0.00	0.00	0.00
765	F28	100.00	100.00	0.00	20.00
764	F29	100.00	70.00	0.00	20.00
763	F30	100.00	40.00	0.00	20.00
762	F31	100.00	20.00	0.00	20.00
761	F32	100.00	10.00	0.00	20.00
760	F33	100.00	0.00	0.00	20.00
225	G1	70.00	100.00	20.00	0.00
224	G2	70.00	85.00	20.00	0.00
223	G3	70.00	70.00	20.00	0.00
222	G4	70.00	55.00	20.00	0.00
221	G5	70.00	40.00	20.00	0.00
220	G6	70.00	30.00	20.00	0.00
219	G7	70.00	20.00	20.00	0.00
218	G8	70.00	10.00	20.00	0.00
217	G9	70.00	0.00	20.00	0.00
144	G10	70.00	100.00	10.00	0.00
143	G11	70.00	85.00	10.00	0.00
142	G12	70.00	70.00	10.00	0.00
141	G13	70.00	55.00	10.00	0.00
140	G14	70.00	40.00	10.00	0.00
139	G15	70.00	30.00	10.00	0.00
138	G16	70.00	20.00	10.00	0.00
137	G17	70.00	10.00	10.00	0.00
136	G18	70.00	0.00	10.00	0.00
63	G19	70.00	100.00	0.00	0.00
62	G20	70.00	85.00	0.00	0.00
61	G21	70.00	70.00	0.00	0.00
60	G22	70.00	55.00	0.00	0.00
59	G23	70.00	40.00	0.00	0.00
58	G24	70.00	30.00	0.00	0.00
57	G25	70.00	20.00	0.00	0.00
56	G26	70.00	10.00	0.00	0.00
55	G27	70.00	0.00	0.00	0.00
771	G28	0.00	100.00	10.00	20.00
770	G29	0.00	70.00	10.00	20.00
769	G30	0.00	40.00	10.00	20.00
768	G31	0.00	20.00	10.00	20.00
767	G32	0.00	10.00	10.00	20.00
766	G33	0.00	0.00	10.00	20.00
234	H1	85.00	100.00	20.00	0.00
233	H2	85.00	85.00	20.00	0.00
232	H3	85.00	70.00	20.00	0.00
231	H4	85.00	55.00	20.00	0.00
230	H5	85.00	40.00	20.00	0.00
229	H6	85.00	30.00	20.00	0.00
228	H7	85.00	20.00	20.00	0.00
227	H8	85.00	10.00	20.00	0.00
226	H9	85.00	0.00	20.00	0.00
153	H10	85.00	100.00	10.00	0.00
152	H11	85.00	85.00	10.00	0.00
151	H12	85.00	70.00	10.00	0.00
150	H13	85.00	55.00	10.00	0.00
149	H14	85.00	40.00	10.00	0.00
148	H15	85.00	30.00	10.00	0.00
147	H16	85.00	20.00	10.00	0.00
146	H17	85.00	10.00	10.00	0.00
145	H18	85.00	0.00	10.00	0.00
72	H19	85.00	100.00	0.00	0.00
71	H20	85.00	85.00	0.00	0.00
70	H21	85.00	70.00	0.00	0.00
69	H22	85.00	55.00	0.00	0.00
68	H23	85.00	40.00	0.00	0.00
67	H24	85.00	30.00	0.00	0.00
66	H25	85.00	20.00	0.00	0.00
65	H26	85.00	10.00	0.00	0.00
64	H27	85.00	0.00	0.00	0.00
777	H28	10.00	100.00	10.00	20.00
776	H29	10.00	70.00	10.00	20.00
775	H30	10.00	40.00	10.00	20.00
774	H31	10.00	20.00	10.00	20.00
773	H32	10.00	10.00	10.00	20.00
772	H33	10.00	0.00	10.00	20.00
243	I1	100.00	100.00	20.00	0.00
242	I2	100.00	85.00	20.00	0.00
241	I3	100.00	70.00	20.00	0.00
240	I4	100.00	55.00	20.00	0.00
239	I5	100.00	40.00	20.00	0.00
238	I6	100.00	30.00	20.00	0.00
237	I7	100.00	20.00	20.00	0.00
236	I8	100.00	10.00	20.00	0.00
235	I9	100.00	0.00	20.00	0.00
162	I10	100.00	100.00	10.00	0.00
161	I11	100.00	85.00	10.00	0.00
160	I12	100.00	70.00	10.00	0.00
159	I13	100.00	55.00	10.00	0.00
158	I14	100.00	40.00	10.00	0.00
157	I15	100.00	30.00	10.00	0.00
156	I16	100.00	20.00	10.00	0.00
155	I17	100.00	10.00	10.00	0.00
154	I18	100.00	0.00	10.00	0.00
81	I19	100.00	100.00	0.00	0.00
80	I20	100.00	85.00	0.00	0.00
79	I21	100.00	70.00	0.00	0.00
78	I22	100.00	55.00	0.00	0.00
77	I23	100.00	40.00	0.00	0.00
76	I24	100.00	30.00	0.00	0.00
75	I25	100.00	20.00	0.00	0.00
74	I26	100.00	10.00	0.00	0.00
73	I27	100.00	0.00	0.00	0.00
783	I28	20.00	100.00	10.00	20.00
782	I29	20.00	70.00	10.00	20.00
781	I30	20.00	40.00	10.00	20.00
780	I31	20.00	20.00	10.00	20.00
779	I32	20.00	10.00	10.00	20.00
778	I33	20.00	0.00	10.00	20.00
414	J1	0.00	100.00	55.00	0.00
413	J2	0.00	85.00	55.00	0.00
412	J3	0.00	70.00	55.00	0.00
411	J4	0.00	55.00	55.00	0.00
410	J5	0.00	40.00	55.00	0.00
409	J6	0.00	30.00	55.00	0.00
408	J7	0.00	20.00	55.00	0.00
407	J8	0.00	10.00	55.00	0.00
406	J9	0.00	0.00	55.00	0.00
333	J10	0.00	100.00	40.00	0.00
332	J11	0.00	85.00	40.00	0.00
331	J12	0.00	70.00	40.00	0.00
330	J13	0.00	55.00	40.00	0.00
329	J14	0.00	40.00	40.00	0.00
328	J15	0.00	30.00	40.00	0.00
327	J16	0.00	20.00	40.00	0.00
326	J17	0.00	10.00	40.00	0.00
325	J18	0.00	0.00	40.00	0.00
252	J19	0.00	100.00	30.00	0.00
251	J20	0.00	85.00	30.00	0.00
250	J21	0.00	70.00	30.00	0.00
249	J22	0.00	55.00	30.00	0.00
248	J23	0.00	40.00	30.00	0.00
247	J24	0.00	30.00	30.00	0.00
246	J25	0.00	20.00	30.00	0.00
245	J26	0.00	10.00	30.00	0.00
244	J27	0.00	0.00	30.00	0.00
789	J28	40.00	100.00	10.00	20.00
788	J29	40.00	70.00	10.00	20.00
787	J30	40.00	40.00	10.00	20.00
786	J31	40.00	20.00	10.00	20.00
785	J32	40.00	10.00	10.00	20.00
784	J33	40.00	0.00	10.00	20.00
423	K1	10.00	100.00	55.00	0.00
422	K2	10.00	85.00	55.00	0.00
421	K3	10.00	70.00	55.00	0.00
420	K4	10.00	55.00	55.00	0.00
419	K5	10.00	40.00	55.00	0.00
418	K6	10.00	30.00	55.00	0.00
417	K7	10.00	20.00	55.00	0.00
416	K8	10.00	10.00	55.00	0.00
415	K9	10.00	0.00	55.00	0.00
342	K10	10.00	100.00	40.00	0.00
341	K11	10.00	85.00	40.00	0.00
340	K12	10.00	70.00	40.00	0.00
339	K13	10.00	55.00	40.00	0.00
338	K14	10.00	40.00	40.00	0.00
337	K15	10.00	30.00	40.00	0.00
336	K16	10.00	20.00	40.00	0.00
335	K17	10.00	10.00	40.00	0.00
334	K18	10.00	0.00	40.00	0.00
261	K19	10.00	100.00	30.00	0.00
260	K20	10.00	85.00	30.00	0.00
259	K21	10.00	70.00	30.00	0.00
258	K22	10.00	55.00	30.00	0.00
257	K23	10.00	40.00	30.00	0.00
256	K24	10.00	30.00	30.00	0.00
255	K25	10.00	20.00	30.00	0.00
254	K26	10.00	10.00	30.00	0.00
253	K27	10.00	0.00	30.00	0.00
795	K28	70.00	100.00	10.00	20.00
794	K29	70.00	70.00	10.00	20.00
793	K30	70.00	40.00	10.00	20.00
792	K31	70.00	20.00	10.00	20.00
791	K32	70.00	10.00	10.00	20.00
790	K33	70.00	0.00	10.00	20.00
432	L1	20.00	100.00	55.00	0.00
431	L2	20.00	85.00	55.00	0.00
430	L3	20.00	70.00	55.00	0.00
429	L4	20.00	55.00	55.00	0.00
428	L5	20.00	40.00	55.00	0.00
427	L6	20.00	30.00	55.00	0.00
426	L7	20.00	20.00	55.00	0.00
425	L8	20.00	10.00	55.00	0.00
424	L9	20.00	0.00	55.00	0.00
351	L10	20.00	100.00	40.00	0.00
350	L11	20.00	85.00	40.00	0.00
349	L12	20.00	70.00	40.00	0.00
348	L13	20.00	55.00	40.00	0.00
347	L14	20.00	40.00	40.00	0.00
346	L15	20.00	30.00	40.00	0.00
345	L16	20.00	20.00	40.00	0.00
344	L17	20.00	10.00	40.00	0.00
343	L18	20.00	0.00	40.00	0.00
270	L19	20.00	100.00	30.00	0.00
269	L20	20.00	85.00	30.00	0.00
268	L21	20.00	70.00	30.00	0.00
267	L22	20.00	55.00	30.00	0.00
266	L23	20.00	40.00	30.00	0.00
265	L24	20.00	30.00	30.00	0.00
264	L25	20.00	20.00	30.00	0.00
263	L26	20.00	10.00	30.00	0.00
262	L27	20.00	0.00	30.00	0.00
801	L28	100.00	100.00	10.00	20.00
800	L29	100.00	70.00	10.00	20.00
799	L30	100.00	40.00	10.00	20.00
798	L31	100.00	20.00	10.00	20.00
797	L32	100.00	10.00	10.00	20.00
796	L33	100.00	0.00	10.00	20.00
441	M1	30.00	100.00	55.00	0.00
440	M2	30.00	85.00	55.00	0.00
439	M3	30.00	70.00	55.00	0.00
438	M4	30.00	55.00	55.00	0.00
437	M5	30.00	40.00	55.00	0.00
436	M6	30.00	30.00	55.00	0.00
435	M7	30.00	20.00	55.00	0.00
434	M8	30.00	10.00	55.00	0.00
433	M9	30.00	0.00	55.00	0.00
360	M10	30.00	100.00	40.00	0.00
359	M11	30.00	85.00	40.00	0.00
358	M12	30.00	70.00	40.00	0.00
357	M13	30.00	55.00	40.00	0.00
356	M14	30.00	40.00	40.00	0.00
355	M15	30.00	30.00	40.00	0.00
354	M16	30.00	20.00	40.00	0.00
353	M17	30.00	10.00	40.00	0.00
352	M18	30.00	0.00	40.00	0.00
279	M19	30.00	100.00	30.00	0.00
278	M20	30.00	85.00	30.00	0.00
277	M21	30.00	70.00	30.00	0.00
276	M22	30.00	55.00	30.00	0.00
275	M23	30.00	40.00	30.00	0.00
274	M24	30.00	30.00	30.00	0.00
273	M25	30.00	20.00	30.00	0.00
272	M26	30.00	10.00	30.00	0.00
271	M27	30.00	0.00	30.00	0.00
807	M28	0.00	100.00	20.00	20.00
806	M29	0.00	70.00	20.00	20.00
805	M30	0.00	40.00	20.00	20.00
804	M31	0.00	20.00	20.00	20.00
803	M32	0.00	10.00	20.00	20.00
802	M33	0.00	0.00	20.00	20.00
450	N1	40.00	100.00	55.00	0.00
449	N2	40.00	85.00	55.00	0.00
448	N3	40.00	70.00	55.00	0.00
447	N4	40.00	55.00	55.00	0.00
446	N5	40.00	40.00	55.00	0.00
445	N6	40.00	30.00	55.00	0.00
444	N7	40.00	20.00	55.00	0.00
443	N8	40.00	10.00	55.00	0.00
442	N9	40.00	0.00	55.00	0.00
369	N10	40.00	100.00	40.00	0.00
368	N11	40.00	85.00	40.00	0.00
367	N12	40.00	70.00	40.00	0.00
366	N13	40.00	55.00	40.00	0.00
365	N14	40.00	40.00	40.00	0.00
364	N15	40.00	30.00	40.00	0.00
363	N16	40.00	20.00	40.00	0.00
362	N17	40.00	10.00	40.00	0.00
361	N18	40.00	0.00	40.00	0.00
288	N19	40.00	100.00	30.00	0.00
287	N20	40.00	85.00	30.00	0.00
286	N21	40.00	70.00	30.00	0.00
285	N22	40.00	55.00	30.00	0.00
284	N23	40.00	40.00	30.00	0.00
283	N24	40.00	30.00	30.00	0.00
282	N25	40.00	20.00	30.00	0.00
281	N26	40.00	10.00	30.00	0.00
280	N27	40.00	0.00	30.00	0.00
813	N28	10.00	100.00	20.00	20.00
812	N29	10.00	70.00	20.00	20.00
811	N30	10.00	40.00	20.00	20.00
810	N31	10.00	20.00	20.00	20.00
809	N32	10.00	10.00	20.00	20.00
808	N33	10.00	0.00	20.00	20.00
459	O1	55.00	100.00	55.00	0.00
458	O2	55.00	85.00	55.00	0.00
457	O3	55.00	70.00	55.00	0.00
456	O4	55.00	55.00	55.00	0.00
455	O5	55.00	40.00	55.00	0.00
454	O6	55.00	30.00	55.00	0.00
453	O7	55.00	20.00	55.00	0.00
452	O8	55.00	10.00	55.00	0.00
451	O9	55.00	0.00	55.00	0.00
378	O10	55.00	100.00	40.00	0.00
377	O11	55.00	85.00	40.00	0.00
376	O12	55.00	70.00	40.00	0.00
375	O13	55.00	55.00	40.00	0.00
374	O14	55.00	40.00	40.00	0.00
373	O15	55.00	30.00	40.00	0.00
372	O16	55.00	20.00	40.00	0.00
371	O17	55.00	10.00	40.00	0.00
370	O18	55.00	0.00	40.00	0.00
297	O19	55.00	100.00	30.00	0.00
296	O20	55.00	85.00	30.00	0.00
295	O21	55.00	70.00	30.00	0.00
294	O22	55.00	55.00	30.00	0.00
293	O23	55.00	40.00	30.00	0.00
292	O24	55.00	30.00	30.00	0.00
291	O25	55.00	20.00	30.00	0.00
290	O26	55.00	10.00	30.00	0.00
289	O27	55.00	0.00	30.00	0.00
819	O28	20.00	100.00	20.00	20.00
818	O29	20.00	70.00	20.00	20.00
817	O30	20.00	40.00	20.00	20.00
816	O31	20.00	20.00	20.00	20.00
815	O32	20.00	10.00	20.00	20.00
814	O33	20.00	0.00	20.00	20.00
468	P1	70.00	100.00	55.00	0.00
467	P2	70.00	85.00	55.00	0.00
466	P3	70.00	70.00	55.00	0.00
465	P4	70.00	55.00	55.00	0.00
464	P5	70.00	40.00	55.00	0.00
463	P6	70.00	30.00	55.00	0.00
462	P7	70.00	20.00	55.00	0.00
461	P8	70.00	10.00	55.00	0.00
460	P9	70.00	0.00	55.00	0.00
387	P10	70.00	100.00	40.00	0.00
386	P11	70.00	85.00	40.00	0.00
385	P12	70.00	70.00	40.00	0.00
384	P13	70.00	55.00	40.00	0.00
383	P14	70.00	40.00	40.00	0.00
382	P15	70.00	30.00	40.00	0.00
381	P16	70.00	20.00	40.00	0.00
380	P17	70.00	10.00	40.00	0.00
379	P18	70.00	0.00	40.00	0.00
306	P19	70.00	100.00	30.00	0.00
305	P20	70.00	85.00	30.00	0.00
304	P21	70.00	70.00	30.00	0.00
303	P22	70.00	55.00	30.00	0.00
302	P23	70.00	40.00	30.00	0.00
301	P24	70.00	30.00	30.00	0.00
300	P25	70.00	20.00	30.00	0.00
299	P26	70.00	10.00	30.00	0.00
298	P27	70.00	0.00	30.00	0.00
825	P28	40.00	100.00	20.00	20.00
824	P29	40.00	70.00	20.00	20.00
823	P30	40.00	40.00	20.00	20.00
822	P31	40.00	20.00	20.00	20.00
821	P32	40.00	10.00	20.00	20.00
820	P33	40.00	0.00	20.00	20.00
477	Q1	85.00	100.00	55.00	0.00
476	Q2	85.00	85.00	55.00	0.00
475	Q3	85.00	70.00	55.00	0.00
474	Q4	85.00	55.00	55.00	0.00
473	Q5	85.00	40.00	55.00	0.00
472	Q6	85.00	30.00	55.00	0.00
471	Q7	85.00	20.00	55.00	0.00
470	Q8	85.00	10.00	55.00	0.00
469	Q9	85.00	0.00	55.00	0.00
396	Q10	85.00	100.00	40.00	0.00
395	Q11	85.00	85.00	40.00	0.00
394	Q12	85.00	70.00	40.00	0.00
393	Q13	85.00	55.00	40.00	0.00
392	Q14	85.00	40.00	40.00	0.00
391	Q15	85.00	30.00	40.00	0.00
390	Q16	85.00	20.00	40.00	0.00
389	Q17	85.00	10.00	40.00	0.00
388	Q18	85.00	0.00	40.00	0.00
315	Q19	85.00	100.00	30.00	0.00
314	Q20	85.00	85.00	30.00	0.00
313	Q21	85.00	70.00	30.00	0.00
312	Q22	85.00	55.00	30.00	0.00
311	Q23	85.00	40.00	30.00	0.00
310	Q24	85.00	30.00	30.00	0.00
309	Q25	85.00	20.00	30.00	0.00
308	Q26	85.00	10.00	30.00	0.00
307	Q27	85.00	0.00	30.00	0.00
831	Q28	70.00	100.00	20.00	20.00
830	Q29	70.00	70.00	20.00	20.00
829	Q30	70.00	40.00	20.00	20.00
828	Q31	70.00	20.00	20.00	20.00
827	Q32	70.00	10.00	20.00	20.00
826	Q33	70.00	0.00	20.00	20.00
486	R1	100.00	100.00	55.00	0.00
485	R2	100.00	85.00	55.00	0.00
484	R3	100.00	70.00	55.00	0.00
483	R4	100.00	55.00	55.00	0.00
482	R5	100.00	40.00	55.00	0.00
481	R6	100.00	30.00	55.00	0.00
480	R7	100.00	20.00	55.00	0.00
479	R8	100.00	10.00	55.00	0.00
478	R9	100.00	0.00	55.00	0.00
405	R10	100.00	100.00	40.00	0.00
404	R11	100.00	85.00	40.00	0.00
403	R12	100.00	70.00	40.00	0.00
402	R13	100.00	55.00	40.00	0.00
401	R14	100.00	40.00	40.00	0.00
400	R15	100.00	30.00	40.00	0.00
399	R16	100.00	20.00	40.00	0.00
398	R17	100.00	10.00	40.00	0.00
397	R18	100.00	0.00	40.00	0.00
324	R19	100.00	100.00	30.00	0.00
323	R20	100.00	85.00	30.00	0.00
322	R21	100.00	70.00	30.00	0.00
321	R22	100.00	55.00	30.00	0.00
320	R23	100.00	40.00	30.00	0.00
319	R24	100.00	30.00	30.00	0.00
318	R25	100.00	20.00	30.00	0.00
317	R26	100.00	10.00	30.00	0.00
316	R27	100.00	0.00	30.00	0.00
837	R28	100.00	100.00	20.00	20.00
836	R29	100.00	70.00	20.00	20.00
835	R30	100.00	40.00	20.00	20.00
834	R31	100.00	20.00	20.00	20.00
833	R32	100.00	10.00	20.00	20.00
832	R33	100.00	0.00	20.00	20.00
657	S1	0.00	100.00	100.00	0.00
656	S2	0.00	85.00	100.00	0.00
655	S3	0.00	70.00	100.00	0.00
654	S4	0.00	55.00	100.00	0.00
653	S5	0.00	40.00	100.00	0.00
652	S6	0.00	30.00	100.00	0.00
651	S7	0.00	20.00	100.00	0.00
650	S8	0.00	10.00	100.00	0.00
649	S9	0.00	0.00	100.00	0.00
576	S10	0.00	100.00	85.00	0.00
575	S11	0.00	85.00	85.00	0.00
574	S12	0.00	70.00	85.00	0.00
573	S13	0.00	55.00	85.00	0.00
572	S14	0.00	40.00	85.00	0.00
571	S15	0.00	30.00	85.00	0.00
570	S16	0.00	20.00	85.00	0.00
569	S17	0.00	10.00	85.00	0.00
568	S18	0.00	0.00	85.00	0.00
495	S19	0.00	100.00	70.00	0.00
494	S20	0.00	85.00	70.00	0.00
493	S21	0.00	70.00	70.00	0.00
492	S22	0.00	55.00	70.00	0.00
491	S23	0.00	40.00	70.00	0.00
490	S24	0.00	30.00	70.00	0.00
489	S25	0.00	20.00	70.00	0.00
488	S26	0.00	10.00	70.00	0.00
487	S27	0.00	0.00	70.00	0.00
843	S28	0.00	100.00	40.00	20.00
842	S29	0.00	70.00	40.00	20.00
841	S30	0.00	40.00	40.00	20.00
840	S31	0.00	20.00	40.00	20.00
839	S32	0.00	10.00	40.00	20.00
838	S33	0.00	0.00	40.00	20.00
666	T1	10.00	100.00	100.00	0.00
665	T2	10.00	85.00	100.00	0.00
664	T3	10.00	70.00	100.00	0.00
663	T4	10.00	55.00	100.00	0.00
662	T5	10.00	40.00	100.00	0.00
661	T6	10.00	30.00	100.00	0.00
660	T7	10.00	20.00	100.00	0.00
659	T8	10.00	10.00	100.00	0.00
658	T9	10.00	0.00	100.00	0.00
585	T10	10.00	100.00	85.00	0.00
584	T11	10.00	85.00	85.00	0.00
583	T12	10.00	70.00	85.00	0.00
582	T13	10.00	55.00	85.00	0.00
581	T14	10.00	40.00	85.00	0.00
580	T15	10.00	30.00	85.00	0.00
579	T16	10.00	20.00	85.00	0.00
578	T17	10.00	10.00	85.00	0.00
577	T18	10.00	0.00	85.00	0.00
504	T19	10.00	100.00	70.00	0.00
503	T20	10.00	85.00	70.00	0.00
502	T21	10.00	70.00	70.00	0.00
501	T22	10.00	55.00	70.00	0.00
500	T23	10.00	40.00	70.00	0.00
499	T24	10.00	30.00	70.00	0.00
498	T25	10.00	20.00	70.00	0.00
497	T26	10.00	10.00	70.00	0.00
496	T27	10.00	0.00	70.00	0.00
849	T28	10.00	100.00	40.00	20.00
848	T29	10.00	70.00	40.00	20.00
847	T30	10.00	40.00	40.00	20.00
846	T31	10.00	20.00	40.00	20.00
845	T32	10.00	10.00	40.00	20.00
844	T33	10.00	0.00	40.00	20.00
675	U1	20.00	100.00	100.00	0.00
674	U2	20.00	85.00	100.00	0.00
673	U3	20.00	70.00	100.00	0.00
672	U4	20.00	55.00	100.00	0.00
671	U5	20.00	40.00	100.00	0.00
670	U6	20.00	30.00	100.00	0.00
669	U7	20.00	20.00	100.00	0.00
668	U8	20.00	10.00	100.00	0.00
667	U9	20.00	0.00	100.00	0.00
594	U10	20.00	100.00	85.00	0.00
593	U11	20.00	85.00	85.00	0.00
592	U12	20.00	70.00	85.00	0.00
591	U13	20.00	55.00	85.00	0.00
590	U14	20.00	40.00	85.00	0.00
589	U15	20.00	30.00	85.00	0.00
588	U16	20.00	20.00	85.00	0.00
587	U17	20.00	10.00	85.00	0.00
586	U18	20.00	0.00	85.00	0.00
513	U19	20.00	100.00	70.00	0.00
512	U20	20.00	85.00	70.00	0.00
511	U21	20.00	70.00	70.00	0.00
510	U22	20.00	55.00	70.00	0.00
509	U23	20.00	40.00	70.00	0.00
508	U24	20.00	30.00	70.00	0.00
507	U25	20.00	20.00	70.00	0.00
506	U26	20.00	10.00	70.00	0.00
505	U27	20.00	0.00	70.00	0.00
855	U28	20.00	100.00	40.00	20.00
854	U29	20.00	70.00	40.00	20.00
853	U30	20.00	40.00	40.00	20.00
852	U31	20.00	20.00	40.00	20.00
851	U32	20.00	10.00	40.00	20.00
850	U33	20.00	0.00	40.00	20.00
684	V1	30.00	100.00	100.00	0.00
683	V2	30.00	85.00	100.00	0.00
682	V3	30.00	70.00	100.00	0.00
681	V4	30.00	55.00	100.00	0.00
680	V5	30.00	40.00	100.00	0.00
679	V6	30.00	30.00	100.00	0.00
678	V7	30.00	20.00	100.00	0.00
677	V8	30.00	10.00	100.00	0.00
676	V9	30.00	0.00	100.00	0.00
603	V10	30.00	100.00	85.00	0.00
602	V11	30.00	85.00	85.00	0.00
601	V12	30.00	70.00	85.00	0.00
600	V13	30.00	55.00	85.00	0.00
599	V14	30.00	40.00	85.00	0.00
598	V15	30.00	30.00	85.00	0.00
597	V16	30.00	20.00	85.00	0.00
596	V17	30.00	10.00	85.00	0.00
595	V18	30.00	0.00	85.00	0.00
522	V19	30.00	100.00	70.00	0.00
521	V20	30.00	85.00	70.00	0.00
520	V21	30.00	70.00	70.00	0.00
519	V22	30.00	55.00	70.00	0.00
518	V23	30.00	40.00	70.00	0.00
517	V24	30.00	30.00	70.00	0.00
516	V25	30.00	20.00	70.00	0.00
515	V26	30.00	10.00	70.00	0.00
514	V27	30.00	0.00	70.00	0.00
861	V28	40.00	100.00	40.00	20.00
860	V29	40.00	70.00	40.00	20.00
859	V30	40.00	40.00	40.00	20.00
858	V31	40.00	20.00	40.00	20.00
857	V32	40.00	10.00	40.00	20.00
856	V33	40.00	0.00	40.00	20.00
693	W1	40.00	100.00	100.00	0.00
692	W2	40.00	85.00	100.00	0.00
691	W3	40.00	70.00	100.00	0.00
690	W4	40.00	55.00	100.00	0.00
689	W5	40.00	40.00	100.00	0.00
688	W6	40.00	30.00	100.00	0.00
687	W7	40.00	20.00	100.00	0.00
686	W8	40.00	10.00	100.00	0.00
685	W9	40.00	0.00	100.00	0.00
612	W10	40.00	100.00	85.00	0.00
611	W11	40.00	85.00	85.00	0.00
610	W12	40.00	70.00	85.00	0.00
609	W13	40.00	55.00	85.00	0.00
608	W14	40.00	40.00	85.00	0.00
607	W15	40.00	30.00	85.00	0.00
606	W16	40.00	20.00	85.00	0.00
605	W17	40.00	10.00	85.00	0.00
604	W18	40.00	0.00	85.00	0.00
531	W19	40.00	100.00	70.00	0.00
530	W20	40.00	85.00	70.00	0.00
529	W21	40.00	70.00	70.00	0.00
528	W22	40.00	55.00	70.00	0.00
527	W23	40.00	40.00	70.00	0.00
526	W24	40.00	30.00	70.00	0.00
525	W25	40.00	20.00	70.00	0.00
524	W26	40.00	10.00	70.00	0.00
523	W27	40.00	0.00	70.00	0.00
867	W28	70.00	100.00	40.00	20.00
866	W29	70.00	70.00	40.00	20.00
865	W30	70.00	40.00	40.00	20.00
864	W31	70.00	20.00	40.00	20.00
863	W32	70.00	10.00	40.00	20.00
862	W33	70.00	0.00	40.00	20.00
702	X1	55.00	100.00	100.00	0.00
701	X2	55.00	85.00	100.00	0.00
700	X3	55.00	70.00	100.00	0.00
699	X4	55.00	55.00	100.00	0.00
698	X5	55.00	40.00	100.00	0.00
697	X6	55.00	30.00	100.00	0.00
696	X7	55.00	20.00	100.00	0.00
695	X8	55.00	10.00	100.00	0.00
694	X9	55.00	0.00	100.00	0.00
621	X10	55.00	100.00	85.00	0.00
620	X11	55.00	85.00	85.00	0.00
619	X12	55.00	70.00	85.00	0.00
618	X13	55.00	55.00	85.00	0.00
617	X14	55.00	40.00	85.00	0.00
616	X15	55.00	30.00	85.00	0.00
615	X16	55.00	20.00	85.00	0.00
614	X17	55.00	10.00	85.00	0.00
613	X18	55.00	0.00	85.00	0.00
540	X19	55.00	100.00	70.00	0.00
539	X20	55.00	85.00	70.00	0.00
538	X21	55.00	70.00	70.00	0.00
537	X22	55.00	55.00	70.00	0.00
536	X23	55.00	40.00	70.00	0.00
535	X24	55.00	30.00	70.00	0.00
534	X25	55.00	20.00	70.00	0.00
533	X26	55.00	10.00	70.00	0.00
532	X27	55.00	0.00	70.00	0.00
873	X28	100.00	100.00	40.00	20.00
872	X29	100.00	70.00	40.00	20.00
871	X30	100.00	40.00	40.00	20.00
870	X31	100.00	20.00	40.00	20.00
869	X32	100.00	10.00	40.00	20.00
868	X33	100.00	0.00	40.00	20.00
711	Y1	70.00	100.00	100.00	0.00
710	Y2	70.00	85.00	100.00	0.00
709	Y3	70.00	70.00	100.00	0.00
708	Y4	70.00	55.00	100.00	0.00
707	Y5	70.00	40.00	100.00	0.00
706	Y6	70.00	30.00	100.00	0.00
705	Y7	70.00	20.00	100.00	0.00
704	Y8	70.00	10.00	100.00	0.00
703	Y9	70.00	0.00	100.00	0.00
630	Y10	70.00	100.00	85.00	0.00
629	Y11	70.00	85.00	85.00	0.00
628	Y12	70.00	70.00	85.00	0.00
627	Y13	70.00	55.00	85.00	0.00
626	Y14	70.00	40.00	85.00	0.00
625	Y15	70.00	30.00	85.00	0.00
624	Y16	70.00	20.00	85.00	0.00
623	Y17	70.00	10.00	85.00	0.00
622	Y18	70.00	0.00	85.00	0.00
549	Y19	70.00	100.00	70.00	0.00
548	Y20	70.00	85.00	70.00	0.00
547	Y21	70.00	70.00	70.00	0.00
546	Y22	70.00	55.00	70.00	0.00
545	Y23	70.00	40.00	70.00	0.00
544	Y24	70.00	30.00	70.00	0.00
543	Y25	70.00	20.00	70.00	0.00
542	Y26	70.00	10.00	70.00	0.00
541	Y27	70.00	0.00	70.00	0.00
879	Y28	0.00	100.00	70.00	20.00
878	Y29	0.00	70.00	70.00	20.00
877	Y30	0.00	40.00	70.00	20.00
876	Y31	0.00	20.00	70.00	20.00
875	Y32	0.00	10.00	70.00	20.00
874	Y33	0.00	0.00	70.00	20.00
720	Z1	85.00	100.00	100.00	0.00
719	Z2	85.00	85.00	100.00	0.00
718	Z3	85.00	70.00	100.00	0.00
717	Z4	85.00	55.00	100.00	0.00
716	Z5	85.00	40.00	100.00	0.00
715	Z6	85.00	30.00	100.00	0.00
714	Z7	85.00	20.00	100.00	0.00
713	Z8	85.00	10.00	100.00	0.00
712	Z9	85.00	0.00	100.00	0.00
639	Z10	85.00	100.00	85.00	0.00
638	Z11	85.00	85.00	85.00	0.00
637	Z12	85.00	70.00	85.00	0.00
636	Z13	85.00	55.00	85.00	0.00
635	Z14	85.00	40.00	85.00	0.00
634	Z15	85.00	30.00	85.00	0.00
633	Z16	85.00	20.00	85.00	0.00
632	Z17	85.00	10.00	85.00	0.00
631	Z18	85.00	0.00	85.00	0.00
558	Z19	85.00	100.00	70.00	0.00
557	Z20	85.00	85.00	70.00	0.00
556	Z21	85.00	70.00	70.00	0.00
555	Z22	85.00	55.00	70.00	0.00
554	Z23	85.00	40.00	70.00	0.00
553	Z24	85.00	30.00	70.00	0.00
552	Z25	85.00	20.00	70.00	0.00
551	Z26	85.00	10.00	70.00	0.00
550	Z27	85.00	0.00	70.00	0.00
885	Z28	10.00	100.00	70.00	20.00
884	Z29	10.00	70.00	70.00	20.00
883	Z30	10.00	40.00	70.00	20.00
882	Z31	10.00	20.00	70.00	20.00
881	Z32	10.00	10.00	70.00	20.00
880	Z33	10.00	0.00	70.00	20.00
729	2A1	100.00	100.00	100.00	0.00
728	2A2	100.00	85.00	100.00	0.00
727	2A3	100.00	70.00	100.00	0.00
726	2A4	100.00	55.00	100.00	0.00
725	2A5	100.00	40.00	100.00	0.00
724	2A6	100.00	30.00	100.00	0.00
723	2A7	100.00	20.00	100.00	0.00
722	2A8	100.00	10.00	100.00	0.00
721	2A9	100.00	0.00	100.00	0.00
648	2A10	100.00	100.00	85.00	0.00
647	2A11	100.00	85.00	85.00	0.00
646	2A12	100.00	70.00	85.00	0.00
645	2A13	100.00	55.00	85.00	0.00
644	2A14	100.00	40.00	85.00	0.00
643	2A15	100.00	30.00	85.00	0.00
642	2A16	100.00	20.00	85.00	0.00
641	2A17	100.00	10.00	85.00	0.00
640	2A18	100.00	0.00	85.00	0.00
567	2A19	100.00	100.00	70.00	0.00
566	2A20	100.00	85.00	70.00	0.00
565	2A21	100.00	70.00	70.00	0.00
564	2A22	100.00	55.00	70.00	0.00
563	2A23	100.00	40.00	70.00	0.00
562	2A24	100.00	30.00	70.00	0.00
561	2A25	100.00	20.00	70.00	0.00
560	2A26	100.00	10.00	70.00	0.00
559	2A27	100.00	0.00	70.00	0.00
891	2A28	20.00	100.00	70.00	20.00
890	2A29	20.00	70.00	70.00	20.00
889	2A30	20.00	40.00	70.00	20.00
888	2A31	20.00	20.00	70.00	20.00
887	2A32	20.00	10.00	70.00	20.00
886	2A33	20.00	0.00	70.00	20.00
1050	2B1	0.00	100.00	100.00	40.00
1049	2B2	0.00	70.00	100.00	40.00
1048	2B3	0.00	40.00	100.00	40.00
1047	2B4	0.00	20.00	100.00	40.00
1046	2B5	0.00	0.00	100.00	40.00
1025	2B6	0.00	100.00	70.00	40.00
1024	2B7	0.00	70.00	70.00	40.00
1023	2B8	0.00	40.00	70.00	40.00
1022	2B9	0.00	20.00	70.00	40.00
1021	2B10	0.00	0.00	70.00	40.00
1000	2B11	0.00	100.00	40.00	40.00
999	2B12	0.00	70.00	40.00	40.00
998	2B13	0.00	40.00	40.00	40.00
997	2B14	0.00	20.00	40.00	40.00
996	2B15	0.00	0.00	40.00	40.00
975	2B16	0.00	100.00	20.00	40.00
974	2B17	0.00	70.00	20.00	40.00
973	2B18	0.00	40.00	20.00	40.00
972	2B19	0.00	20.00	20.00	40.00
971	2B20	0.00	0.00	20.00	40.00
950	2B21	0.00	100.00	0.00	40.00
949	2B22	0.00	70.00	0.00	40.00
948	2B23	0.00	40.00	0.00	40.00
947	2B24	0.00	20.00	0.00	40.00
946	2B25	0.00	0.00	0.00	40.00
1405	2B26	100.00	0.00	0.00	70.00
1399	2B27	100.00	85.00	85.00	100.00
897	2B28	40.00	100.00	70.00	20.00
896	2B29	40.00	70.00	70.00	20.00
895	2B30	40.00	40.00	70.00	20.00
894	2B31	40.00	20.00	70.00	20.00
893	2B32	40.00	10.00	70.00	20.00
892	2B33	40.00	0.00	70.00	20.00
1055	2C1	20.00	100.00	100.00	40.00
1054	2C2	20.00	70.00	100.00	40.00
1053	2C3	20.00	40.00	100.00	40.00
1052	2C4	20.00	20.00	100.00	40.00
1051	2C5	20.00	0.00	100.00	40.00
1030	2C6	20.00	100.00	70.00	40.00
1029	2C7	20.00	70.00	70.00	40.00
1028	2C8	20.00	40.00	70.00	40.00
1027	2C9	20.00	20.00	70.00	40.00
1026	2C10	20.00	0.00	70.00	40.00
1005	2C11	20.00	100.00	40.00	40.00
1004	2C12	20.00	70.00	40.00	40.00
1003	2C13	20.00	40.00	40.00	40.00
1002	2C14	20.00	20.00	40.00	40.00
1001	2C15	20.00	0.00	40.00	40.00
980	2C16	20.00	100.00	20.00	40.00
979	2C17	20.00	70.00	20.00	40.00
978	2C18	20.00	40.00	20.00	40.00
977	2C19	20.00	20.00	20.00	40.00
976	2C20	20.00	0.00	20.00	40.00
955	2C21	20.00	100.00	0.00	40.00
954	2C22	20.00	70.00	0.00	40.00
953	2C23	20.00	40.00	0.00	40.00
952	2C24	20.00	20.00	0.00	40.00
951	2C25	20.00	0.00	0.00	40.00
1406	2C26	0.00	100.00	0.00	70.00
1393	2C27	100.00	85.00	85.00	80.00
903	2C28	70.00	100.00	70.00	20.00
902	2C29	70.00	70.00	70.00	20.00
901	2C30	70.00	40.00	70.00	20.00
900	2C31	70.00	20.00	70.00	20.00
899	2C32	70.00	10.00	70.00	20.00
898	2C33	70.00	0.00	70.00	20.00
1060	2D1	40.00	100.00	100.00	40.00
1059	2D2	40.00	70.00	100.00	40.00
1058	2D3	40.00	40.00	100.00	40.00
1057	2D4	40.00	20.00	100.00	40.00
1056	2D5	40.00	0.00	100.00	40.00
1035	2D6	40.00	100.00	70.00	40.00
1034	2D7	40.00	70.00	70.00	40.00
1033	2D8	40.00	40.00	70.00	40.00
1032	2D9	40.00	20.00	70.00	40.00
1031	2D10	40.00	0.00	70.00	40.00
1010	2D11	40.00	100.00	40.00	40.00
1009	2D12	40.00	70.00	40.00	40.00
1008	2D13	40.00	40.00	40.00	40.00
1007	2D14	40.00	20.00	40.00	40.00
1006	2D15	40.00	0.00	40.00	40.00
985	2D16	40.00	100.00	20.00	40.00
984	2D17	40.00	70.00	20.00	40.00
983	2D18	40.00	40.00	20.00	40.00
982	2D19	40.00	20.00	20.00	40.00
981	2D20	40.00	0.00	20.00	40.00
960	2D21	40.00	100.00	0.00	40.00
959	2D22	40.00	70.00	0.00	40.00
958	2D23	40.00	40.00	0.00	40.00
957	2D24	40.00	20.00	0.00	40.00
956	2D25	40.00	0.00	0.00	40.00
1407	2D26	0.00	0.00	100.00	70.00
1387	2D27	100.00	85.00	85.00	60.00
909	2D28	100.00	100.00	70.00	20.00
908	2D29	100.00	70.00	70.00	20.00
907	2D30	100.00	40.00	70.00	20.00
906	2D31	100.00	20.00	70.00	20.00
905	2D32	100.00	10.00	70.00	20.00
904	2D33	100.00	0.00	70.00	20.00
1065	2E1	70.00	100.00	100.00	40.00
1064	2E2	70.00	70.00	100.00	40.00
1063	2E3	70.00	40.00	100.00	40.00
1062	2E4	70.00	20.00	100.00	40.00
1061	2E5	70.00	0.00	100.00	40.00
1040	2E6	70.00	100.00	70.00	40.00
1039	2E7	70.00	70.00	70.00	40.00
1038	2E8	70.00	40.00	70.00	40.00
1037	2E9	70.00	20.00	70.00	40.00
1036	2E10	70.00	0.00	70.00	40.00
1015	2E11	70.00	100.00	40.00	40.00
1014	2E12	70.00	70.00	40.00	40.00
1013	2E13	70.00	40.00	40.00	40.00
1012	2E14	70.00	20.00	40.00	40.00
1011	2E15	70.00	0.00	40.00	40.00
990	2E16	70.00	100.00	20.00	40.00
989	2E17	70.00	70.00	20.00	40.00
988	2E18	70.00	40.00	20.00	40.00
987	2E19	70.00	20.00	20.00	40.00
986	2E20	70.00	0.00	20.00	40.00
965	2E21	70.00	100.00	0.00	40.00
964	2E22	70.00	70.00	0.00	40.00
963	2E23	70.00	40.00	0.00	40.00
962	2E24	70.00	20.00	0.00	40.00
961	2E25	70.00	0.00	0.00	40.00
1408	2E26	100.00	100.00	0.00	70.00
1400	2E27	80.00	65.00	65.00	100.00
915	2E28	0.00	100.00	100.00	20.00
914	2E29	0.00	70.00	100.00	20.00
913	2E30	0.00	40.00	100.00	20.00
912	2E31	0.00	20.00	100.00	20.00
911	2E32	0.00	10.00	100.00	20.00
910	2E33	0.00	0.00	100.00	20.00
1070	2F1	100.00	100.00	100.00	40.00
1069	2F2	100.00	70.00	100.00	40.00
1068	2F3	100.00	40.00	100.00	40.00
1067	2F4	100.00	20.00	100.00	40.00
1066	2F5	100.00	0.00	100.00	40.00
1045	2F6	100.00	100.00	70.00	40.00
1044	2F7	100.00	70.00	70.00	40.00
1043	2F8	100.00	40.00	70.00	40.00
1042	2F9	100.00	20.00	70.00	40.00
1041	2F10	100.00	0.00	70.00	40.00
1020	2F11	100.00	100.00	40.00	40.00
1019	2F12	100.00	70.00	40.00	40.00
1018	2F13	100.00	40.00	40.00	40.00
1017	2F14	100.00	20.00	40.00	40.00
1016	2F15	100.00	0.00	40.00	40.00
995	2F16	100.00	100.00	20.00	40.00
994	2F17	100.00	70.00	20.00	40.00
993	2F18	100.00	40.00	20.00	40.00
992	2F19	100.00	20.00	20.00	40.00
991	2F20	100.00	0.00	20.00	40.00
970	2F21	100.00	100.00	0.00	40.00
969	2F22	100.00	70.00	0.00	40.00
968	2F23	100.00	40.00	0.00	40.00
967	2F24	100.00	20.00	0.00	40.00
966	2F25	100.00	0.00	0.00	40.00
1409	2F26	100.00	0.00	100.00	70.00
1394	2F27	80.00	65.00	65.00	80.00
921	2F28	10.00	100.00	100.00	20.00
920	2F29	10.00	70.00	100.00	20.00
919	2F30	10.00	40.00	100.00	20.00
918	2F31	10.00	20.00	100.00	20.00
917	2F32	10.00	10.00	100.00	20.00
916	2F33	10.00	0.00	100.00	20.00
1175	2G1	0.00	100.00	100.00	60.00
1174	2G2	0.00	70.00	100.00	60.00
1173	2G3	0.00	40.00	100.00	60.00
1172	2G4	0.00	20.00	100.00	60.00
1171	2G5	0.00	0.00	100.00	60.00
1150	2G6	0.00	100.00	70.00	60.00
1149	2G7	0.00	70.00	70.00	60.00
1148	2G8	0.00	40.00	70.00	60.00
1147	2G9	0.00	20.00	70.00	60.00
1146	2G10	0.00	0.00	70.00	60.00
1125	2G11	0.00	100.00	40.00	60.00
1124	2G12	0.00	70.00	40.00	60.00
1123	2G13	0.00	40.00	40.00	60.00
1122	2G14	0.00	20.00	40.00	60.00
1121	2G15	0.00	0.00	40.00	60.00
1100	2G16	0.00	100.00	20.00	60.00
1099	2G17	0.00	70.00	20.00	60.00
1098	2G18	0.00	40.00	20.00	60.00
1097	2G19	0.00	20.00	20.00	60.00
1096	2G20	0.00	0.00	20.00	60.00
1075	2G21	0.00	100.00	0.00	60.00
1074	2G22	0.00	70.00	0.00	60.00
1073	2G23	0.00	40.00	0.00	60.00
1072	2G24	0.00	20.00	0.00	60.00
1071	2G25	0.00	0.00	0.00	60.00
1410	2G26	0.00	100.00	100.00	70.00
1388	2G27	80.00	65.00	65.00	60.00
927	2G28	20.00	100.00	100.00	20.00
926	2G29	20.00	70.00	100.00	20.00
925	2G30	20.00	40.00	100.00	20.00
924	2G31	20.00	20.00	100.00	20.00
923	2G32	20.00	10.00	100.00	20.00
922	2G33	20.00	0.00	100.00	20.00
1180	2H1	20.00	100.00	100.00	60.00
1179	2H2	20.00	70.00	100.00	60.00
1178	2H3	20.00	40.00	100.00	60.00
1177	2H4	20.00	20.00	100.00	60.00
1176	2H5	20.00	0.00	100.00	60.00
1155	2H6	20.00	100.00	70.00	60.00
1154	2H7	20.00	70.00	70.00	60.00
1153	2H8	20.00	40.00	70.00	60.00
1152	2H9	20.00	20.00	70.00	60.00
1151	2H10	20.00	0.00	70.00	60.00
1130	2H11	20.00	100.00	40.00	60.00
1129	2H12	20.00	70.00	40.00	60.00
1128	2H13	20.00	40.00	40.00	60.00
1127	2H14	20.00	20.00	40.00	60.00
1126	2H15	20.00	0.00	40.00	60.00
1105	2H16	20.00	100.00	20.00	60.00
1104	2H17	20.00	70.00	20.00	60.00
1103	2H18	20.00	40.00	20.00	60.00
1102	2H19	20.00	20.00	20.00	60.00
1101	2H20	20.00	0.00	20.00	60.00
1080	2H21	20.00	100.00	0.00	60.00
1079	2H22	20.00	70.00	0.00	60.00
1078	2H23	20.00	40.00	0.00	60.00
1077	2H24	20.00	20.00	0.00	60.00
1076	2H25	20.00	0.00	0.00	60.00
1411	2H26	40.00	40.00	0.00	70.00
1382	2H27	80.00	65.00	65.00	40.00
933	2H28	40.00	100.00	100.00	20.00
932	2H29	40.00	70.00	100.00	20.00
931	2H30	40.00	40.00	100.00	20.00
930	2H31	40.00	20.00	100.00	20.00
929	2H32	40.00	10.00	100.00	20.00
928	2H33	40.00	0.00	100.00	20.00
1185	2I1	40.00	100.00	100.00	60.00
1184	2I2	40.00	70.00	100.00	60.00
1183	2I3	40.00	40.00	100.00	60.00
1182	2I4	40.00	20.00	100.00	60.00
1181	2I5	40.00	0.00	100.00	60.00
1160	2I6	40.00	100.00	70.00	60.00
1159	2I7	40.00	70.00	70.00	60.00
1158	2I8	40.00	40.00	70.00	60.00
1157	2I9	40.00	20.00	70.00	60.00
1156	2I10	40.00	0.00	70.00	60.00
1135	2I11	40.00	100.00	40.00	60.00
1134	2I12	40.00	70.00	40.00	60.00
1133	2I13	40.00	40.00	40.00	60.00
1132	2I14	40.00	20.00	40.00	60.00
1131	2I15	40.00	0.00	40.00	60.00
1110	2I16	40.00	100.00	20.00	60.00
1109	2I17	40.00	70.00	20.00	60.00
1108	2I18	40.00	40.00	20.00	60.00
1107	2I19	40.00	20.00	20.00	60.00
1106	2I20	40.00	0.00	20.00	60.00
1085	2I21	40.00	100.00	0.00	60.00
1084	2I22	40.00	70.00	0.00	60.00
1083	2I23	40.00	40.00	0.00	60.00
1082	2I24	40.00	20.00	0.00	60.00
1081	2I25	40.00	0.00	0.00	60.00
1412	2I26	40.00	0.00	40.00	70.00
1401	2I27	60.00	45.00	45.00	100.00
939	2I28	70.00	100.00	100.00	20.00
938	2I29	70.00	70.00	100.00	20.00
937	2I30	70.00	40.00	100.00	20.00
936	2I31	70.00	20.00	100.00	20.00
935	2I32	70.00	10.00	100.00	20.00
934	2I33	70.00	0.00	100.00	20.00
1190	2J1	70.00	100.00	100.00	60.00
1189	2J2	70.00	70.00	100.00	60.00
1188	2J3	70.00	40.00	100.00	60.00
1187	2J4	70.00	20.00	100.00	60.00
1186	2J5	70.00	0.00	100.00	60.00
1165	2J6	70.00	100.00	70.00	60.00
1164	2J7	70.00	70.00	70.00	60.00
1163	2J8	70.00	40.00	70.00	60.00
1162	2J9	70.00	20.00	70.00	60.00
1161	2J10	70.00	0.00	70.00	60.00
1140	2J11	70.00	100.00	40.00	60.00
1139	2J12	70.00	70.00	40.00	60.00
1138	2J13	70.00	40.00	40.00	60.00
1137	2J14	70.00	20.00	40.00	60.00
1136	2J15	70.00	0.00	40.00	60.00
1115	2J16	70.00	100.00	20.00	60.00
1114	2J17	70.00	70.00	20.00	60.00
1113	2J18	70.00	40.00	20.00	60.00
1112	2J19	70.00	20.00	20.00	60.00
1111	2J20	70.00	0.00	20.00	60.00
1090	2J21	70.00	100.00	0.00	60.00
1089	2J22	70.00	70.00	0.00	60.00
1088	2J23	70.00	40.00	0.00	60.00
1087	2J24	70.00	20.00	0.00	60.00
1086	2J25	70.00	0.00	0.00	60.00
1413	2J26	0.00	40.00	40.00	70.00
1395	2J27	60.00	45.00	45.00	80.00
945	2J28	100.00	100.00	100.00	20.00
944	2J29	100.00	70.00	100.00	20.00
943	2J30	100.00	40.00	100.00	20.00
942	2J31	100.00	20.00	100.00	20.00
941	2J32	100.00	10.00	100.00	20.00
940	2J33	100.00	0.00	100.00	20.00
1195	2K1	100.00	100.00	100.00	60.00
1194	2K2	100.00	70.00	100.00	60.00
1193	2K3	100.00	40.00	100.00	60.00
1192	2K4	100.00	20.00	100.00	60.00
1191	2K5	100.00	0.00	100.00	60.00
1170	2K6	100.00	100.00	70.00	60.00
1169	2K7	100.00	70.00	70.00	60.00
1168	2K8	100.00	40.00	70.00	60.00
1167	2K9	100.00	20.00	70.00	60.00
1166	2K10	100.00	0.00	70.00	60.00
1145	2K11	100.00	100.00	40.00	60.00
1144	2K12	100.00	70.00	40.00	60.00
1143	2K13	100.00	40.00	40.00	60.00
1142	2K14	100.00	20.00	40.00	60.00
1141	2K15	100.00	0.00	40.00	60.00
1120	2K16	100.00	100.00	20.00	60.00
1119	2K17	100.00	70.00	20.00	60.00
1118	2K18	100.00	40.00	20.00	60.00
1117	2K19	100.00	20.00	20.00	60.00
1116	2K20	100.00	0.00	20.00	60.00
1095	2K21	100.00	100.00	0.00	60.00
1094	2K22	100.00	70.00	0.00	60.00
1093	2K23	100.00	40.00	0.00	60.00
1092	2K24	100.00	20.00	0.00	60.00
1091	2K25	100.00	0.00	0.00	60.00
1367	2K26	0.00	0.00	0.00	0.00
1389	2K27	60.00	45.00	45.00	60.00
1390	2K28	40.00	27.00	27.00	60.00
1397	2K29	20.00	12.00	12.00	80.00
1381	2K30	10.00	6.00	6.00	20.00
1262	2K31	0.00	100.00	0.00	100.00
1261	2K32	0.00	40.00	0.00	100.00
1260	2K33	0.00	0.00	0.00	100.00
1215	2L1	0.00	100.00	40.00	80.00
1214	2L2	0.00	70.00	40.00	80.00
1213	2L3	0.00	40.00	40.00	80.00
1212	2L4	0.00	0.00	40.00	80.00
1199	2L5	0.00	100.00	0.00	80.00
1198	2L6	0.00	70.00	0.00	80.00
1197	2L7	0.00	40.00	0.00	80.00
1196	2L8	0.00	0.00	0.00	80.00
1479	2L9	3.00	40.00	3.00	40.00
1480	2L10	40.00	40.00	3.00	40.00
1481	2L11	3.00	0.00	40.00	40.00
1482	2L12	0.00	3.00	40.00	40.00
1483	2L13	3.00	3.00	40.00	40.00
1484	2L14	40.00	3.00	40.00	40.00
1485	2L15	3.00	40.00	40.00	40.00
1425	2L16	7.00	7.00	0.00	0.00
1426	2L17	7.00	0.00	7.00	0.00
1427	2L18	0.00	7.00	7.00	0.00
1428	2L19	7.00	7.00	7.00	0.00
1429	2L20	7.00	0.00	0.00	7.00
1430	2L21	0.00	7.00	0.00	7.00
1431	2L22	7.00	7.00	0.00	7.00
1432	2L23	0.00	0.00	7.00	7.00
1433	2L24	7.00	0.00	7.00	7.00
1434	2L25	0.00	7.00	7.00	7.00
1435	2L26	7.00	7.00	7.00	7.00
1383	2L27	60.00	45.00	45.00	40.00
1384	2L28	40.00	27.00	27.00	40.00
1391	2L29	20.00	12.00	12.00	60.00
1377	2L30	10.00	6.00	6.00	10.00
1265	2L31	40.00	100.00	0.00	100.00
1264	2L32	40.00	40.00	0.00	100.00
1263	2L33	40.00	0.00	0.00	100.00
1219	2M1	40.00	100.00	40.00	80.00
1218	2M2	40.00	70.00	40.00	80.00
1217	2M3	40.00	40.00	40.00	80.00
1216	2M4	40.00	0.00	40.00	80.00
1203	2M5	40.00	100.00	0.00	80.00
1202	2M6	40.00	70.00	0.00	80.00
1201	2M7	40.00	40.00	0.00	80.00
1200	2M8	40.00	0.00	0.00	80.00
1461	2M9	0.00	3.00	40.00	3.00
1462	2M10	3.00	3.00	40.00	3.00
1463	2M11	40.00	3.00	40.00	3.00
1464	2M12	0.00	40.00	40.00	3.00
1465	2M13	3.00	40.00	40.00	3.00
1466	2M14	40.00	40.00	40.00	3.00
1467	2M15	3.00	0.00	0.00	40.00
1468	2M16	0.00	3.00	0.00	40.00
1469	2M17	3.00	3.00	0.00	40.00
1470	2M18	40.00	3.00	0.00	40.00
1471	2M19	3.00	40.00	0.00	40.00
1472	2M20	0.00	0.00	3.00	40.00
1473	2M21	3.00	0.00	3.00	40.00
1474	2M22	40.00	0.00	3.00	40.00
1475	2M23	0.00	3.00	3.00	40.00
1476	2M24	3.00	3.00	3.00	40.00
1477	2M25	40.00	3.00	3.00	40.00
1478	2M26	0.00	40.00	3.00	40.00
1378	2M27	60.00	45.00	45.00	20.00
1379	2M28	40.00	27.00	27.00	20.00
1385	2M29	20.00	12.00	12.00	40.00
1368	2M30	100.00	85.00	85.00	0.00
1268	2M31	100.00	100.00	0.00	100.00
1267	2M32	100.00	40.00	0.00	100.00
1266	2M33	100.00	0.00	0.00	100.00
1223	2N1	70.00	100.00	40.00	80.00
1222	2N2	70.00	70.00	40.00	80.00
1221	2N3	70.00	40.00	40.00	80.00
1220	2N4	70.00	0.00	40.00	80.00
1207	2N5	70.00	100.00	0.00	80.00
1206	2N6	70.00	70.00	0.00	80.00
1205	2N7	70.00	40.00	0.00	80.00
1204	2N8	70.00	0.00	0.00	80.00
1419	2N9	0.00	3.00	0.00	3.00
1420	2N10	3.00	3.00	0.00	3.00
1449	2N11	40.00	3.00	0.00	3.00
1450	2N12	0.00	40.00	0.00	3.00
1451	2N13	3.00	40.00	0.00	3.00
1452	2N14	40.00	40.00	0.00	3.00
1421	2N15	0.00	0.00	3.00	3.00
1422	2N16	3.00	0.00	3.00	3.00
1453	2N17	40.00	0.00	3.00	3.00
1423	2N18	0.00	3.00	3.00	3.00
1424	2N19	3.00	3.00	3.00	3.00
1454	2N20	40.00	3.00	3.00	3.00
1455	2N21	0.00	40.00	3.00	3.00
1456	2N22	3.00	40.00	3.00	3.00
1457	2N23	40.00	40.00	3.00	3.00
1458	2N24	0.00	0.00	40.00	3.00
1459	2N25	3.00	0.00	40.00	3.00
1460	2N26	40.00	0.00	40.00	3.00
1402	2N27	40.00	27.00	27.00	100.00
1375	2N28	40.00	27.00	27.00	10.00
1380	2N29	20.00	12.00	12.00	20.00
1369	2N30	80.00	65.00	65.00	0.00
1271	2N31	0.00	100.00	40.00	100.00
1270	2N32	0.00	40.00	40.00	100.00
1269	2N33	0.00	0.00	40.00	100.00
1227	2O1	100.00	100.00	40.00	80.00
1226	2O2	100.00	70.00	40.00	80.00
1225	2O3	100.00	40.00	40.00	80.00
1224	2O4	100.00	0.00	40.00	80.00
1211	2O5	100.00	100.00	0.00	80.00
1210	2O6	100.00	70.00	0.00	80.00
1209	2O7	100.00	40.00	0.00	80.00
1208	2O8	100.00	0.00	0.00	80.00
1414	2O9	3.00	3.00	0.00	0.00
1436	2O10	40.00	3.00	0.00	0.00
1437	2O11	3.00	40.00	0.00	0.00
1415	2O12	3.00	0.00	3.00	0.00
1438	2O13	40.00	0.00	3.00	0.00
1416	2O14	0.00	3.00	3.00	0.00
1417	2O15	3.00	3.00	3.00	0.00
1439	2O16	40.00	3.00	3.00	0.00
1440	2O17	0.00	40.00	3.00	0.00
1441	2O18	3.00	40.00	3.00	0.00
1442	2O19	40.00	40.00	3.00	0.00
1443	2O20	3.00	0.00	40.00	0.00
1444	2O21	0.00	3.00	40.00	0.00
1445	2O22	3.00	3.00	40.00	0.00
1446	2O23	40.00	3.00	40.00	0.00
1447	2O24	3.00	40.00	40.00	0.00
1418	2O25	3.00	0.00	0.00	3.00
1448	2O26	40.00	0.00	0.00	3.00
1396	2O27	40.00	27.00	27.00	80.00
1403	2O28	20.00	12.00	12.00	100.00
1376	2O29	20.00	12.00	12.00	10.00
1370	2O30	60.00	45.00	45.00	0.00
1274	2O31	40.00	100.00	40.00	100.00
1273	2O32	40.00	40.00	40.00	100.00
1272	2O33	40.00	0.00	40.00	100.00
1247	2P1	0.00	100.00	100.00	80.00
1246	2P2	0.00	70.00	100.00	80.00
1245	2P3	0.00	40.00	100.00	80.00
1244	2P4	0.00	0.00	100.00	80.00
1231	2P5	0.00	100.00	70.00	80.00
1230	2P6	0.00	70.00	70.00	80.00
1229	2P7	0.00	40.00	70.00	80.00
1228	2P8	0.00	0.00	70.00	80.00
1347	2P9	0.00	0.00	0.00	100.00
1348	2P10	0.00	0.00	0.00	98.00
1349	2P11	0.00	0.00	0.00	95.00
1350	2P12	0.00	0.00	0.00	90.00
1351	2P13	0.00	0.00	0.00	85.00
1352	2P14	0.00	0.00	0.00	80.00
1353	2P15	0.00	0.00	0.00	75.00
1354	2P16	0.00	0.00	0.00	70.00
1355	2P17	0.00	0.00	0.00	60.00
1356	2P18	0.00	0.00	0.00	50.00
1357	2P19	0.00	0.00	0.00	40.00
1358	2P20	0.00	0.00	0.00	30.00
1359	2P21	0.00	0.00	0.00	25.00
1360	2P22	0.00	0.00	0.00	20.00
1361	2P23	0.00	0.00	0.00	15.00
1362	2P24	0.00	0.00	0.00	10.00
1363	2P25	0.00	0.00	0.00	7.00
1364	2P26	0.00	0.00	0.00	5.00
1365	2P27	0.00	0.00	0.00	3.00
1366	2P28	0.00	0.00	0.00	2.00
1404	2P29	10.00	6.00	6.00	100.00
1371	2P30	40.00	27.00	27.00	0.00
1277	2P31	100.00	100.00	40.00	100.00
1276	2P32	100.00	40.00	40.00	100.00
1275	2P33	100.00	0.00	40.00	100.00
1251	2Q1	40.00	100.00	100.00	80.00
1250	2Q2	40.00	70.00	100.00	80.00
1249	2Q3	40.00	40.00	100.00	80.00
1248	2Q4	40.00	0.00	100.00	80.00
1235	2Q5	40.00	100.00	70.00	80.00
1234	2Q6	40.00	70.00	70.00	80.00
1233	2Q7	40.00	40.00	70.00	80.00
1232	2Q8	40.00	0.00	70.00	80.00
1327	2Q9	0.00	0.00	100.00	0.00
1328	2Q10	0.00	0.00	98.00	0.00
1329	2Q11	0.00	0.00	95.00	0.00
1330	2Q12	0.00	0.00	90.00	0.00
1331	2Q13	0.00	0.00	85.00	0.00
1332	2Q14	0.00	0.00	80.00	0.00
1333	2Q15	0.00	0.00	75.00	0.00
1334	2Q16	0.00	0.00	70.00	0.00
1335	2Q17	0.00	0.00	60.00	0.00
1336	2Q18	0.00	0.00	50.00	0.00
1337	2Q19	0.00	0.00	40.00	0.00
1338	2Q20	0.00	0.00	30.00	0.00
1339	2Q21	0.00	0.00	25.00	0.00
1340	2Q22	0.00	0.00	20.00	0.00
1341	2Q23	0.00	0.00	15.00	0.00
1342	2Q24	0.00	0.00	10.00	0.00
1343	2Q25	0.00	0.00	7.00	0.00
1344	2Q26	0.00	0.00	5.00	0.00
1345	2Q27	0.00	0.00	3.00	0.00
1346	2Q28	0.00	0.00	2.00	0.00
1398	2Q29	10.00	6.00	6.00	80.00
1372	2Q30	20.00	12.00	12.00	0.00
1280	2Q31	0.00	100.00	100.00	100.00
1279	2Q32	0.00	40.00	100.00	100.00
1278	2Q33	0.00	0.00	100.00	100.00
1255	2R1	70.00	100.00	100.00	80.00
1254	2R2	70.00	70.00	100.00	80.00
1253	2R3	70.00	40.00	100.00	80.00
1252	2R4	70.00	0.00	100.00	80.00
1239	2R5	70.00	100.00	70.00	80.00
1238	2R6	70.00	70.00	70.00	80.00
1237	2R7	70.00	40.00	70.00	80.00
1236	2R8	70.00	0.00	70.00	80.00
1307	2R9	0.00	100.00	0.00	0.00
1308	2R10	0.00	98.00	0.00	0.00
1309	2R11	0.00	95.00	0.00	0.00
1310	2R12	0.00	90.00	0.00	0.00
1311	2R13	0.00	85.00	0.00	0.00
1312	2R14	0.00	80.00	0.00	0.00
1313	2R15	0.00	75.00	0.00	0.00
1314	2R16	0.00	70.00	0.00	0.00
1315	2R17	0.00	60.00	0.00	0.00
1316	2R18	0.00	50.00	0.00	0.00
1317	2R19	0.00	40.00	0.00	0.00
1318	2R20	0.00	30.00	0.00	0.00
1319	2R21	0.00	25.00	0.00	0.00
1320	2R22	0.00	20.00	0.00	0.00
1321	2R23	0.00	15.00	0.00	0.00
1322	2R24	0.00	10.00	0.00	0.00
1323	2R25	0.00	7.00	0.00	0.00
1324	2R26	0.00	5.00	0.00	0.00
1325	2R27	0.00	3.00	0.00	0.00
1326	2R28	0.00	2.00	0.00	0.00
1392	2R29	10.00	6.00	6.00	60.00
1373	2R30	10.00	6.00	6.00	0.00
1283	2R31	40.00	100.00	100.00	100.00
1282	2R32	40.00	40.00	100.00	100.00
1281	2R33	40.00	0.00	100.00	100.00
1259	2S1	100.00	100.00	100.00	80.00
1258	2S2	100.00	70.00	100.00	80.00
1257	2S3	100.00	40.00	100.00	80.00
1256	2S4	100.00	0.00	100.00	80.00
1243	2S5	100.00	100.00	70.00	80.00
1242	2S6	100.00	70.00	70.00	80.00
1241	2S7	100.00	40.00	70.00	80.00
1240	2S8	100.00	0.00	70.00	80.00
1287	2S9	100.00	0.00	0.00	0.00
1288	2S10	98.00	0.00	0.00	0.00
1289	2S11	95.00	0.00	0.00	0.00
1290	2S12	90.00	0.00	0.00	0.00
1291	2S13	85.00	0.00	0.00	0.00
1292	2S14	80.00	0.00	0.00	0.00
1293	2S15	75.00	0.00	0.00	0.00
1294	2S16	70.00	0.00	0.00	0.00
1295	2S17	60.00	0.00	0.00	0.00
1296	2S18	50.00	0.00	0.00	0.00
1297	2S19	40.00	0.00	0.00	0.00
1298	2S20	30.00	0.00	0.00	0.00
1299	2S21	25.00	0.00	0.00	0.00
1300	2S22	20.00	0.00	0.00	0.00
1301	2S23	15.00	0.00	0.00	0.00
1302	2S24	10.00	0.00	0.00	0.00
1303	2S25	7.00	0.00	0.00	0.00
1304	2S26	5.00	0.00	0.00	0.00
1305	2S27	3.00	0.00	0.00	0.00
1306	2S28	2.00	0.00	0.00	0.00
1386	2S29	10.00	6.00	6.00	40.00
1374	2S30	5.00	3.00	3.00	0.00
1286	2S31	100.00	100.00	100.00	100.00
1285	2S32	100.00	40.00	100.00	100.00
1284	2S33	100.00	0.00	100.00	100.00
END_DATA
