LGOROWLENGTH	27
LGOMCCMYKSEPARATION	"UseCMYKSep = true Separation = { SepID = 6 StartK = '40' WidthK = '1' MaxC = '100' MaxM = '100' MaxY = '100' MaxK = '100' MaxCMYK = '400' } "
CREATED	"11/24/2005"  # Time: 14:22
KEYWORD	"SampleID"
KEYWORD	"SAMPLE_NAME"
NUMBER_OF_FIELDS	5
BEGIN_DATA_FORMAT
SampleID	SAMPLE_NAME	RGB_R	RGB_G	RGB_B
END_DATA_FORMAT
NUMBER_OF_SETS	918
BEGIN_DATA
1	A1	0.00	0.00	0.00
2	A2	0.00	32.00	0.00
3	A3	0.00	64.00	0.00
4	A4	0.00	96.00	0.00
5	A5	0.00	128.00	0.00
6	A6	0.00	160.00	0.00
7	A7	0.00	192.00	0.00
8	A8	0.00	224.00	0.00
9	A9	0.00	255.00	0.00
10	A10	0.00	0.00	32.00
11	A11	0.00	32.00	32.00
12	A12	0.00	64.00	32.00
13	A13	0.00	96.00	32.00
14	A14	0.00	128.00	32.00
15	A15	0.00	160.00	32.00
16	A16	0.00	192.00	32.00
17	A17	0.00	224.00	32.00
18	A18	0.00	255.00	32.00
19	A19	0.00	0.00	64.00
20	A20	0.00	32.00	64.00
21	A21	0.00	64.00	64.00
22	A22	0.00	96.00	64.00
23	A23	0.00	128.00	64.00
24	A24	0.00	160.00	64.00
25	A25	0.00	192.00	64.00
26	A26	0.00	224.00	64.00
27	A27	0.00	255.00	64.00
28	B1	32.00	0.00	0.00
29	B2	32.00	32.00	0.00
30	B3	32.00	64.00	0.00
31	B4	32.00	96.00	0.00
32	B5	32.00	128.00	0.00
33	B6	32.00	160.00	0.00
34	B7	32.00	192.00	0.00
35	B8	32.00	224.00	0.00
36	B9	32.00	255.00	0.00
37	B10	32.00	0.00	32.00
38	B11	32.00	32.00	32.00
39	B12	32.00	64.00	32.00
40	B13	32.00	96.00	32.00
41	B14	32.00	128.00	32.00
42	B15	32.00	160.00	32.00
43	B16	32.00	192.00	32.00
44	B17	32.00	224.00	32.00
45	B18	32.00	255.00	32.00
46	B19	32.00	0.00	64.00
47	B20	32.00	32.00	64.00
48	B21	32.00	64.00	64.00
49	B22	32.00	96.00	64.00
50	B23	32.00	128.00	64.00
51	B24	32.00	160.00	64.00
52	B25	32.00	192.00	64.00
53	B26	32.00	224.00	64.00
54	B27	32.00	255.00	64.00
55	C1	64.00	0.00	0.00
56	C2	64.00	32.00	0.00
57	C3	64.00	64.00	0.00
58	C4	64.00	96.00	0.00
59	C5	64.00	128.00	0.00
60	C6	64.00	160.00	0.00
61	C7	64.00	192.00	0.00
62	C8	64.00	224.00	0.00
63	C9	64.00	255.00	0.00
64	C10	64.00	0.00	32.00
65	C11	64.00	32.00	32.00
66	C12	64.00	64.00	32.00
67	C13	64.00	96.00	32.00
68	C14	64.00	128.00	32.00
69	C15	64.00	160.00	32.00
70	C16	64.00	192.00	32.00
71	C17	64.00	224.00	32.00
72	C18	64.00	255.00	32.00
73	C19	64.00	0.00	64.00
74	C20	64.00	32.00	64.00
75	C21	64.00	64.00	64.00
76	C22	64.00	96.00	64.00
77	C23	64.00	128.00	64.00
78	C24	64.00	160.00	64.00
79	C25	64.00	192.00	64.00
80	C26	64.00	224.00	64.00
81	C27	64.00	255.00	64.00
82	D1	96.00	0.00	0.00
83	D2	96.00	32.00	0.00
84	D3	96.00	64.00	0.00
85	D4	96.00	96.00	0.00
86	D5	96.00	128.00	0.00
87	D6	96.00	160.00	0.00
88	D7	96.00	192.00	0.00
89	D8	96.00	224.00	0.00
90	D9	96.00	255.00	0.00
91	D10	96.00	0.00	32.00
92	D11	96.00	32.00	32.00
93	D12	96.00	64.00	32.00
94	D13	96.00	96.00	32.00
95	D14	96.00	128.00	32.00
96	D15	96.00	160.00	32.00
97	D16	96.00	192.00	32.00
98	D17	96.00	224.00	32.00
99	D18	96.00	255.00	32.00
100	D19	96.00	0.00	64.00
101	D20	96.00	32.00	64.00
102	D21	96.00	64.00	64.00
103	D22	96.00	96.00	64.00
104	D23	96.00	128.00	64.00
105	D24	96.00	160.00	64.00
106	D25	96.00	192.00	64.00
107	D26	96.00	224.00	64.00
108	D27	96.00	255.00	64.00
109	E1	128.00	0.00	0.00
110	E2	128.00	32.00	0.00
111	E3	128.00	64.00	0.00
112	E4	128.00	96.00	0.00
113	E5	128.00	128.00	0.00
114	E6	128.00	160.00	0.00
115	E7	128.00	192.00	0.00
116	E8	128.00	224.00	0.00
117	E9	128.00	255.00	0.00
118	E10	128.00	0.00	32.00
119	E11	128.00	32.00	32.00
120	E12	128.00	64.00	32.00
121	E13	128.00	96.00	32.00
122	E14	128.00	128.00	32.00
123	E15	128.00	160.00	32.00
124	E16	128.00	192.00	32.00
125	E17	128.00	224.00	32.00
126	E18	128.00	255.00	32.00
127	E19	128.00	0.00	64.00
128	E20	128.00	32.00	64.00
129	E21	128.00	64.00	64.00
130	E22	128.00	96.00	64.00
131	E23	128.00	128.00	64.00
132	E24	128.00	160.00	64.00
133	E25	128.00	192.00	64.00
134	E26	128.00	224.00	64.00
135	E27	128.00	255.00	64.00
136	F1	160.00	0.00	0.00
137	F2	160.00	32.00	0.00
138	F3	160.00	64.00	0.00
139	F4	160.00	96.00	0.00
140	F5	160.00	128.00	0.00
141	F6	160.00	160.00	0.00
142	F7	160.00	192.00	0.00
143	F8	160.00	224.00	0.00
144	F9	160.00	255.00	0.00
145	F10	160.00	0.00	32.00
146	F11	160.00	32.00	32.00
147	F12	160.00	64.00	32.00
148	F13	160.00	96.00	32.00
149	F14	160.00	128.00	32.00
150	F15	160.00	160.00	32.00
151	F16	160.00	192.00	32.00
152	F17	160.00	224.00	32.00
153	F18	160.00	255.00	32.00
154	F19	160.00	0.00	64.00
155	F20	160.00	32.00	64.00
156	F21	160.00	64.00	64.00
157	F22	160.00	96.00	64.00
158	F23	160.00	128.00	64.00
159	F24	160.00	160.00	64.00
160	F25	160.00	192.00	64.00
161	F26	160.00	224.00	64.00
162	F27	160.00	255.00	64.00
163	G1	192.00	0.00	0.00
164	G2	192.00	32.00	0.00
165	G3	192.00	64.00	0.00
166	G4	192.00	96.00	0.00
167	G5	192.00	128.00	0.00
168	G6	192.00	160.00	0.00
169	G7	192.00	192.00	0.00
170	G8	192.00	224.00	0.00
171	G9	192.00	255.00	0.00
172	G10	192.00	0.00	32.00
173	G11	192.00	32.00	32.00
174	G12	192.00	64.00	32.00
175	G13	192.00	96.00	32.00
176	G14	192.00	128.00	32.00
177	G15	192.00	160.00	32.00
178	G16	192.00	192.00	32.00
179	G17	192.00	224.00	32.00
180	G18	192.00	255.00	32.00
181	G19	192.00	0.00	64.00
182	G20	192.00	32.00	64.00
183	G21	192.00	64.00	64.00
184	G22	192.00	96.00	64.00
185	G23	192.00	128.00	64.00
186	G24	192.00	160.00	64.00
187	G25	192.00	192.00	64.00
188	G26	192.00	224.00	64.00
189	G27	192.00	255.00	64.00
190	H1	224.00	0.00	0.00
191	H2	224.00	32.00	0.00
192	H3	224.00	64.00	0.00
193	H4	224.00	96.00	0.00
194	H5	224.00	128.00	0.00
195	H6	224.00	160.00	0.00
196	H7	224.00	192.00	0.00
197	H8	224.00	224.00	0.00
198	H9	224.00	255.00	0.00
199	H10	224.00	0.00	32.00
200	H11	224.00	32.00	32.00
201	H12	224.00	64.00	32.00
202	H13	224.00	96.00	32.00
203	H14	224.00	128.00	32.00
204	H15	224.00	160.00	32.00
205	H16	224.00	192.00	32.00
206	H17	224.00	224.00	32.00
207	H18	224.00	255.00	32.00
208	H19	224.00	0.00	64.00
209	H20	224.00	32.00	64.00
210	H21	224.00	64.00	64.00
211	H22	224.00	96.00	64.00
212	H23	224.00	128.00	64.00
213	H24	224.00	160.00	64.00
214	H25	224.00	192.00	64.00
215	H26	224.00	224.00	64.00
216	H27	224.00	255.00	64.00
217	I1	255.00	0.00	0.00
218	I2	255.00	32.00	0.00
219	I3	255.00	64.00	0.00
220	I4	255.00	96.00	0.00
221	I5	255.00	128.00	0.00
222	I6	255.00	160.00	0.00
223	I7	255.00	192.00	0.00
224	I8	255.00	224.00	0.00
225	I9	255.00	255.00	0.00
226	I10	255.00	0.00	32.00
227	I11	255.00	32.00	32.00
228	I12	255.00	64.00	32.00
229	I13	255.00	96.00	32.00
230	I14	255.00	128.00	32.00
231	I15	255.00	160.00	32.00
232	I16	255.00	192.00	32.00
233	I17	255.00	224.00	32.00
234	I18	255.00	255.00	32.00
235	I19	255.00	0.00	64.00
236	I20	255.00	32.00	64.00
237	I21	255.00	64.00	64.00
238	I22	255.00	96.00	64.00
239	I23	255.00	128.00	64.00
240	I24	255.00	160.00	64.00
241	I25	255.00	192.00	64.00
242	I26	255.00	224.00	64.00
243	I27	255.00	255.00	64.00
244	J1	0.00	0.00	96.00
245	J2	0.00	32.00	96.00
246	J3	0.00	64.00	96.00
247	J4	0.00	96.00	96.00
248	J5	0.00	128.00	96.00
249	J6	0.00	160.00	96.00
250	J7	0.00	192.00	96.00
251	J8	0.00	224.00	96.00
252	J9	0.00	255.00	96.00
253	J10	0.00	0.00	128.00
254	J11	0.00	32.00	128.00
255	J12	0.00	64.00	128.00
256	J13	0.00	96.00	128.00
257	J14	0.00	128.00	128.00
258	J15	0.00	160.00	128.00
259	J16	0.00	192.00	128.00
260	J17	0.00	224.00	128.00
261	J18	0.00	255.00	128.00
262	J19	0.00	0.00	160.00
263	J20	0.00	32.00	160.00
264	J21	0.00	64.00	160.00
265	J22	0.00	96.00	160.00
266	J23	0.00	128.00	160.00
267	J24	0.00	160.00	160.00
268	J25	0.00	192.00	160.00
269	J26	0.00	224.00	160.00
270	J27	0.00	255.00	160.00
271	K1	32.00	0.00	96.00
272	K2	32.00	32.00	96.00
273	K3	32.00	64.00	96.00
274	K4	32.00	96.00	96.00
275	K5	32.00	128.00	96.00
276	K6	32.00	160.00	96.00
277	K7	32.00	192.00	96.00
278	K8	32.00	224.00	96.00
279	K9	32.00	255.00	96.00
280	K10	32.00	0.00	128.00
281	K11	32.00	32.00	128.00
282	K12	32.00	64.00	128.00
283	K13	32.00	96.00	128.00
284	K14	32.00	128.00	128.00
285	K15	32.00	160.00	128.00
286	K16	32.00	192.00	128.00
287	K17	32.00	224.00	128.00
288	K18	32.00	255.00	128.00
289	K19	32.00	0.00	160.00
290	K20	32.00	32.00	160.00
291	K21	32.00	64.00	160.00
292	K22	32.00	96.00	160.00
293	K23	32.00	128.00	160.00
294	K24	32.00	160.00	160.00
295	K25	32.00	192.00	160.00
296	K26	32.00	224.00	160.00
297	K27	32.00	255.00	160.00
298	L1	64.00	0.00	96.00
299	L2	64.00	32.00	96.00
300	L3	64.00	64.00	96.00
301	L4	64.00	96.00	96.00
302	L5	64.00	128.00	96.00
303	L6	64.00	160.00	96.00
304	L7	64.00	192.00	96.00
305	L8	64.00	224.00	96.00
306	L9	64.00	255.00	96.00
307	L10	64.00	0.00	128.00
308	L11	64.00	32.00	128.00
309	L12	64.00	64.00	128.00
310	L13	64.00	96.00	128.00
311	L14	64.00	128.00	128.00
312	L15	64.00	160.00	128.00
313	L16	64.00	192.00	128.00
314	L17	64.00	224.00	128.00
315	L18	64.00	255.00	128.00
316	L19	64.00	0.00	160.00
317	L20	64.00	32.00	160.00
318	L21	64.00	64.00	160.00
319	L22	64.00	96.00	160.00
320	L23	64.00	128.00	160.00
321	L24	64.00	160.00	160.00
322	L25	64.00	192.00	160.00
323	L26	64.00	224.00	160.00
324	L27	64.00	255.00	160.00
325	M1	96.00	0.00	96.00
326	M2	96.00	32.00	96.00
327	M3	96.00	64.00	96.00
328	M4	96.00	96.00	96.00
329	M5	96.00	128.00	96.00
330	M6	96.00	160.00	96.00
331	M7	96.00	192.00	96.00
332	M8	96.00	224.00	96.00
333	M9	96.00	255.00	96.00
334	M10	96.00	0.00	128.00
335	M11	96.00	32.00	128.00
336	M12	96.00	64.00	128.00
337	M13	96.00	96.00	128.00
338	M14	96.00	128.00	128.00
339	M15	96.00	160.00	128.00
340	M16	96.00	192.00	128.00
341	M17	96.00	224.00	128.00
342	M18	96.00	255.00	128.00
343	M19	96.00	0.00	160.00
344	M20	96.00	32.00	160.00
345	M21	96.00	64.00	160.00
346	M22	96.00	96.00	160.00
347	M23	96.00	128.00	160.00
348	M24	96.00	160.00	160.00
349	M25	96.00	192.00	160.00
350	M26	96.00	224.00	160.00
351	M27	96.00	255.00	160.00
352	N1	128.00	0.00	96.00
353	N2	128.00	32.00	96.00
354	N3	128.00	64.00	96.00
355	N4	128.00	96.00	96.00
356	N5	128.00	128.00	96.00
357	N6	128.00	160.00	96.00
358	N7	128.00	192.00	96.00
359	N8	128.00	224.00	96.00
360	N9	128.00	255.00	96.00
361	N10	128.00	0.00	128.00
362	N11	128.00	32.00	128.00
363	N12	128.00	64.00	128.00
364	N13	128.00	96.00	128.00
365	N14	128.00	128.00	128.00
366	N15	128.00	160.00	128.00
367	N16	128.00	192.00	128.00
368	N17	128.00	224.00	128.00
369	N18	128.00	255.00	128.00
370	N19	128.00	0.00	160.00
371	N20	128.00	32.00	160.00
372	N21	128.00	64.00	160.00
373	N22	128.00	96.00	160.00
374	N23	128.00	128.00	160.00
375	N24	128.00	160.00	160.00
376	N25	128.00	192.00	160.00
377	N26	128.00	224.00	160.00
378	N27	128.00	255.00	160.00
379	O1	160.00	0.00	96.00
380	O2	160.00	32.00	96.00
381	O3	160.00	64.00	96.00
382	O4	160.00	96.00	96.00
383	O5	160.00	128.00	96.00
384	O6	160.00	160.00	96.00
385	O7	160.00	192.00	96.00
386	O8	160.00	224.00	96.00
387	O9	160.00	255.00	96.00
388	O10	160.00	0.00	128.00
389	O11	160.00	32.00	128.00
390	O12	160.00	64.00	128.00
391	O13	160.00	96.00	128.00
392	O14	160.00	128.00	128.00
393	O15	160.00	160.00	128.00
394	O16	160.00	192.00	128.00
395	O17	160.00	224.00	128.00
396	O18	160.00	255.00	128.00
397	O19	160.00	0.00	160.00
398	O20	160.00	32.00	160.00
399	O21	160.00	64.00	160.00
400	O22	160.00	96.00	160.00
401	O23	160.00	128.00	160.00
402	O24	160.00	160.00	160.00
403	O25	160.00	192.00	160.00
404	O26	160.00	224.00	160.00
405	O27	160.00	255.00	160.00
406	P1	192.00	0.00	96.00
407	P2	192.00	32.00	96.00
408	P3	192.00	64.00	96.00
409	P4	192.00	96.00	96.00
410	P5	192.00	128.00	96.00
411	P6	192.00	160.00	96.00
412	P7	192.00	192.00	96.00
413	P8	192.00	224.00	96.00
414	P9	192.00	255.00	96.00
415	P10	192.00	0.00	128.00
416	P11	192.00	32.00	128.00
417	P12	192.00	64.00	128.00
418	P13	192.00	96.00	128.00
419	P14	192.00	128.00	128.00
420	P15	192.00	160.00	128.00
421	P16	192.00	192.00	128.00
422	P17	192.00	224.00	128.00
423	P18	192.00	255.00	128.00
424	P19	192.00	0.00	160.00
425	P20	192.00	32.00	160.00
426	P21	192.00	64.00	160.00
427	P22	192.00	96.00	160.00
428	P23	192.00	128.00	160.00
429	P24	192.00	160.00	160.00
430	P25	192.00	192.00	160.00
431	P26	192.00	224.00	160.00
432	P27	192.00	255.00	160.00
433	Q1	224.00	0.00	96.00
434	Q2	224.00	32.00	96.00
435	Q3	224.00	64.00	96.00
436	Q4	224.00	96.00	96.00
437	Q5	224.00	128.00	96.00
438	Q6	224.00	160.00	96.00
439	Q7	224.00	192.00	96.00
440	Q8	224.00	224.00	96.00
441	Q9	224.00	255.00	96.00
442	Q10	224.00	0.00	128.00
443	Q11	224.00	32.00	128.00
444	Q12	224.00	64.00	128.00
445	Q13	224.00	96.00	128.00
446	Q14	224.00	128.00	128.00
447	Q15	224.00	160.00	128.00
448	Q16	224.00	192.00	128.00
449	Q17	224.00	224.00	128.00
450	Q18	224.00	255.00	128.00
451	Q19	224.00	0.00	160.00
452	Q20	224.00	32.00	160.00
453	Q21	224.00	64.00	160.00
454	Q22	224.00	96.00	160.00
455	Q23	224.00	128.00	160.00
456	Q24	224.00	160.00	160.00
457	Q25	224.00	192.00	160.00
458	Q26	224.00	224.00	160.00
459	Q27	224.00	255.00	160.00
460	R1	255.00	0.00	96.00
461	R2	255.00	32.00	96.00
462	R3	255.00	64.00	96.00
463	R4	255.00	96.00	96.00
464	R5	255.00	128.00	96.00
465	R6	255.00	160.00	96.00
466	R7	255.00	192.00	96.00
467	R8	255.00	224.00	96.00
468	R9	255.00	255.00	96.00
469	R10	255.00	0.00	128.00
470	R11	255.00	32.00	128.00
471	R12	255.00	64.00	128.00
472	R13	255.00	96.00	128.00
473	R14	255.00	128.00	128.00
474	R15	255.00	160.00	128.00
475	R16	255.00	192.00	128.00
476	R17	255.00	224.00	128.00
477	R18	255.00	255.00	128.00
478	R19	255.00	0.00	160.00
479	R20	255.00	32.00	160.00
480	R21	255.00	64.00	160.00
481	R22	255.00	96.00	160.00
482	R23	255.00	128.00	160.00
483	R24	255.00	160.00	160.00
484	R25	255.00	192.00	160.00
485	R26	255.00	224.00	160.00
486	R27	255.00	255.00	160.00
487	S1	0.00	0.00	192.00
488	S2	0.00	32.00	192.00
489	S3	0.00	64.00	192.00
490	S4	0.00	96.00	192.00
491	S5	0.00	128.00	192.00
492	S6	0.00	160.00	192.00
493	S7	0.00	192.00	192.00
494	S8	0.00	224.00	192.00
495	S9	0.00	255.00	192.00
496	S10	0.00	0.00	224.00
497	S11	0.00	32.00	224.00
498	S12	0.00	64.00	224.00
499	S13	0.00	96.00	224.00
500	S14	0.00	128.00	224.00
501	S15	0.00	160.00	224.00
502	S16	0.00	192.00	224.00
503	S17	0.00	224.00	224.00
504	S18	0.00	255.00	224.00
505	S19	0.00	0.00	255.00
506	S20	0.00	32.00	255.00
507	S21	0.00	64.00	255.00
508	S22	0.00	96.00	255.00
509	S23	0.00	128.00	255.00
510	S24	0.00	160.00	255.00
511	S25	0.00	192.00	255.00
512	S26	0.00	224.00	255.00
513	S27	0.00	255.00	255.00
514	T1	32.00	0.00	192.00
515	T2	32.00	32.00	192.00
516	T3	32.00	64.00	192.00
517	T4	32.00	96.00	192.00
518	T5	32.00	128.00	192.00
519	T6	32.00	160.00	192.00
520	T7	32.00	192.00	192.00
521	T8	32.00	224.00	192.00
522	T9	32.00	255.00	192.00
523	T10	32.00	0.00	224.00
524	T11	32.00	32.00	224.00
525	T12	32.00	64.00	224.00
526	T13	32.00	96.00	224.00
527	T14	32.00	128.00	224.00
528	T15	32.00	160.00	224.00
529	T16	32.00	192.00	224.00
530	T17	32.00	224.00	224.00
531	T18	32.00	255.00	224.00
532	T19	32.00	0.00	255.00
533	T20	32.00	32.00	255.00
534	T21	32.00	64.00	255.00
535	T22	32.00	96.00	255.00
536	T23	32.00	128.00	255.00
537	T24	32.00	160.00	255.00
538	T25	32.00	192.00	255.00
539	T26	32.00	224.00	255.00
540	T27	32.00	255.00	255.00
541	U1	64.00	0.00	192.00
542	U2	64.00	32.00	192.00
543	U3	64.00	64.00	192.00
544	U4	64.00	96.00	192.00
545	U5	64.00	128.00	192.00
546	U6	64.00	160.00	192.00
547	U7	64.00	192.00	192.00
548	U8	64.00	224.00	192.00
549	U9	64.00	255.00	192.00
550	U10	64.00	0.00	224.00
551	U11	64.00	32.00	224.00
552	U12	64.00	64.00	224.00
553	U13	64.00	96.00	224.00
554	U14	64.00	128.00	224.00
555	U15	64.00	160.00	224.00
556	U16	64.00	192.00	224.00
557	U17	64.00	224.00	224.00
558	U18	64.00	255.00	224.00
559	U19	64.00	0.00	255.00
560	U20	64.00	32.00	255.00
561	U21	64.00	64.00	255.00
562	U22	64.00	96.00	255.00
563	U23	64.00	128.00	255.00
564	U24	64.00	160.00	255.00
565	U25	64.00	192.00	255.00
566	U26	64.00	224.00	255.00
567	U27	64.00	255.00	255.00
568	V1	96.00	0.00	192.00
569	V2	96.00	32.00	192.00
570	V3	96.00	64.00	192.00
571	V4	96.00	96.00	192.00
572	V5	96.00	128.00	192.00
573	V6	96.00	160.00	192.00
574	V7	96.00	192.00	192.00
575	V8	96.00	224.00	192.00
576	V9	96.00	255.00	192.00
577	V10	96.00	0.00	224.00
578	V11	96.00	32.00	224.00
579	V12	96.00	64.00	224.00
580	V13	96.00	96.00	224.00
581	V14	96.00	128.00	224.00
582	V15	96.00	160.00	224.00
583	V16	96.00	192.00	224.00
584	V17	96.00	224.00	224.00
585	V18	96.00	255.00	224.00
586	V19	96.00	0.00	255.00
587	V20	96.00	32.00	255.00
588	V21	96.00	64.00	255.00
589	V22	96.00	96.00	255.00
590	V23	96.00	128.00	255.00
591	V24	96.00	160.00	255.00
592	V25	96.00	192.00	255.00
593	V26	96.00	224.00	255.00
594	V27	96.00	255.00	255.00
595	W1	128.00	0.00	192.00
596	W2	128.00	32.00	192.00
597	W3	128.00	64.00	192.00
598	W4	128.00	96.00	192.00
599	W5	128.00	128.00	192.00
600	W6	128.00	160.00	192.00
601	W7	128.00	192.00	192.00
602	W8	128.00	224.00	192.00
603	W9	128.00	255.00	192.00
604	W10	128.00	0.00	224.00
605	W11	128.00	32.00	224.00
606	W12	128.00	64.00	224.00
607	W13	128.00	96.00	224.00
608	W14	128.00	128.00	224.00
609	W15	128.00	160.00	224.00
610	W16	128.00	192.00	224.00
611	W17	128.00	224.00	224.00
612	W18	128.00	255.00	224.00
613	W19	128.00	0.00	255.00
614	W20	128.00	32.00	255.00
615	W21	128.00	64.00	255.00
616	W22	128.00	96.00	255.00
617	W23	128.00	128.00	255.00
618	W24	128.00	160.00	255.00
619	W25	128.00	192.00	255.00
620	W26	128.00	224.00	255.00
621	W27	128.00	255.00	255.00
622	X1	160.00	0.00	192.00
623	X2	160.00	32.00	192.00
624	X3	160.00	64.00	192.00
625	X4	160.00	96.00	192.00
626	X5	160.00	128.00	192.00
627	X6	160.00	160.00	192.00
628	X7	160.00	192.00	192.00
629	X8	160.00	224.00	192.00
630	X9	160.00	255.00	192.00
631	X10	160.00	0.00	224.00
632	X11	160.00	32.00	224.00
633	X12	160.00	64.00	224.00
634	X13	160.00	96.00	224.00
635	X14	160.00	128.00	224.00
636	X15	160.00	160.00	224.00
637	X16	160.00	192.00	224.00
638	X17	160.00	224.00	224.00
639	X18	160.00	255.00	224.00
640	X19	160.00	0.00	255.00
641	X20	160.00	32.00	255.00
642	X21	160.00	64.00	255.00
643	X22	160.00	96.00	255.00
644	X23	160.00	128.00	255.00
645	X24	160.00	160.00	255.00
646	X25	160.00	192.00	255.00
647	X26	160.00	224.00	255.00
648	X27	160.00	255.00	255.00
649	Y1	192.00	0.00	192.00
650	Y2	192.00	32.00	192.00
651	Y3	192.00	64.00	192.00
652	Y4	192.00	96.00	192.00
653	Y5	192.00	128.00	192.00
654	Y6	192.00	160.00	192.00
655	Y7	192.00	192.00	192.00
656	Y8	192.00	224.00	192.00
657	Y9	192.00	255.00	192.00
658	Y10	192.00	0.00	224.00
659	Y11	192.00	32.00	224.00
660	Y12	192.00	64.00	224.00
661	Y13	192.00	96.00	224.00
662	Y14	192.00	128.00	224.00
663	Y15	192.00	160.00	224.00
664	Y16	192.00	192.00	224.00
665	Y17	192.00	224.00	224.00
666	Y18	192.00	255.00	224.00
667	Y19	192.00	0.00	255.00
668	Y20	192.00	32.00	255.00
669	Y21	192.00	64.00	255.00
670	Y22	192.00	96.00	255.00
671	Y23	192.00	128.00	255.00
672	Y24	192.00	160.00	255.00
673	Y25	192.00	192.00	255.00
674	Y26	192.00	224.00	255.00
675	Y27	192.00	255.00	255.00
676	Z1	224.00	0.00	192.00
677	Z2	224.00	32.00	192.00
678	Z3	224.00	64.00	192.00
679	Z4	224.00	96.00	192.00
680	Z5	224.00	128.00	192.00
681	Z6	224.00	160.00	192.00
682	Z7	224.00	192.00	192.00
683	Z8	224.00	224.00	192.00
684	Z9	224.00	255.00	192.00
685	Z10	224.00	0.00	224.00
686	Z11	224.00	32.00	224.00
687	Z12	224.00	64.00	224.00
688	Z13	224.00	96.00	224.00
689	Z14	224.00	128.00	224.00
690	Z15	224.00	160.00	224.00
691	Z16	224.00	192.00	224.00
692	Z17	224.00	224.00	224.00
693	Z18	224.00	255.00	224.00
694	Z19	224.00	0.00	255.00
695	Z20	224.00	32.00	255.00
696	Z21	224.00	64.00	255.00
697	Z22	224.00	96.00	255.00
698	Z23	224.00	128.00	255.00
699	Z24	224.00	160.00	255.00
700	Z25	224.00	192.00	255.00
701	Z26	224.00	224.00	255.00
702	Z27	224.00	255.00	255.00
703	2A1	255.00	0.00	192.00
704	2A2	255.00	32.00	192.00
705	2A3	255.00	64.00	192.00
706	2A4	255.00	96.00	192.00
707	2A5	255.00	128.00	192.00
708	2A6	255.00	160.00	192.00
709	2A7	255.00	192.00	192.00
710	2A8	255.00	224.00	192.00
711	2A9	255.00	255.00	192.00
712	2A10	255.00	0.00	224.00
713	2A11	255.00	32.00	224.00
714	2A12	255.00	64.00	224.00
715	2A13	255.00	96.00	224.00
716	2A14	255.00	128.00	224.00
717	2A15	255.00	160.00	224.00
718	2A16	255.00	192.00	224.00
719	2A17	255.00	224.00	224.00
720	2A18	255.00	255.00	224.00
721	2A19	255.00	0.00	255.00
722	2A20	255.00	32.00	255.00
723	2A21	255.00	64.00	255.00
724	2A22	255.00	96.00	255.00
725	2A23	255.00	128.00	255.00
726	2A24	255.00	160.00	255.00
727	2A25	255.00	192.00	255.00
728	2A26	255.00	224.00	255.00
729	2A27	255.00	255.00	255.00
730	2B1	16.00	16.00	16.00
731	2B2	32.00	32.00	32.00
732	2B3	48.00	48.00	48.00
733	2B4	64.00	64.00	64.00
734	2B5	80.00	80.00	80.00
735	2B6	96.00	96.00	96.00
736	2B7	112.00	112.00	112.00
737	2B8	128.00	128.00	128.00
738	2B9	144.00	144.00	144.00
739	2B10	160.00	160.00	160.00
740	2B11	176.00	176.00	176.00
741	2B12	192.00	192.00	192.00
742	2B13	208.00	208.00	208.00
743	2B14	224.00	224.00	224.00
744	2B15	240.00	240.00	240.00
745	2B16	244.00	244.00	244.00
746	2B17	233.00	233.00	233.00
747	2B18	207.00	207.00	207.00
748	2B19	11.00	0.00	0.00
749	2B20	0.00	11.00	0.00
750	2B21	0.00	0.00	11.00
751	2B22	22.00	0.00	0.00
752	2B23	0.00	22.00	0.00
753	2B24	0.00	0.00	22.00
754	2B25	48.00	0.00	0.00
755	2B26	0.00	48.00	0.00
756	2B27	0.00	0.00	48.00
757	2C1	32.00	16.00	16.00
758	2C2	48.00	32.00	32.00
759	2C3	64.00	48.00	48.00
760	2C4	80.00	64.00	64.00
761	2C5	96.00	80.00	80.00
762	2C6	112.00	96.00	96.00
763	2C7	128.00	112.00	112.00
764	2C8	144.00	128.00	128.00
765	2C9	160.00	144.00	144.00
766	2C10	176.00	160.00	160.00
767	2C11	192.00	176.00	176.00
768	2C12	208.00	192.00	192.00
769	2C13	224.00	208.00	208.00
770	2C14	240.00	224.00	224.00
771	2C15	255.00	240.00	240.00
772	2C16	255.00	244.00	244.00
773	2C17	255.00	233.00	233.00
774	2C18	255.00	207.00	207.00
775	2C19	244.00	0.00	0.00
776	2C20	255.00	11.00	0.00
777	2C21	255.00	0.00	11.00
778	2C22	233.00	0.00	0.00
779	2C23	255.00	22.00	0.00
780	2C24	255.00	0.00	22.00
781	2C25	207.00	0.00	0.00
782	2C26	255.00	48.00	0.00
783	2C27	255.00	0.00	48.00
784	2D1	16.00	32.00	16.00
785	2D2	32.00	48.00	32.00
786	2D3	48.00	64.00	48.00
787	2D4	64.00	80.00	64.00
788	2D5	80.00	96.00	80.00
789	2D6	96.00	112.00	96.00
790	2D7	112.00	128.00	112.00
791	2D8	128.00	144.00	128.00
792	2D9	144.00	160.00	144.00
793	2D10	160.00	176.00	160.00
794	2D11	176.00	192.00	176.00
795	2D12	192.00	208.00	192.00
796	2D13	208.00	224.00	208.00
797	2D14	224.00	240.00	224.00
798	2D15	240.00	255.00	240.00
799	2D16	244.00	255.00	244.00
800	2D17	233.00	255.00	233.00
801	2D18	207.00	255.00	207.00
802	2D19	11.00	255.00	0.00
803	2D20	0.00	244.00	0.00
804	2D21	0.00	255.00	11.00
805	2D22	22.00	255.00	0.00
806	2D23	0.00	233.00	0.00
807	2D24	0.00	255.00	22.00
808	2D25	48.00	255.00	0.00
809	2D26	0.00	207.00	0.00
810	2D27	0.00	255.00	48.00
811	2E1	16.00	16.00	32.00
812	2E2	32.00	32.00	48.00
813	2E3	48.00	48.00	64.00
814	2E4	64.00	64.00	80.00
815	2E5	80.00	80.00	96.00
816	2E6	96.00	96.00	112.00
817	2E7	112.00	112.00	128.00
818	2E8	128.00	128.00	144.00
819	2E9	144.00	144.00	160.00
820	2E10	160.00	160.00	176.00
821	2E11	176.00	176.00	192.00
822	2E12	192.00	192.00	208.00
823	2E13	208.00	208.00	224.00
824	2E14	224.00	224.00	240.00
825	2E15	240.00	240.00	255.00
826	2E16	244.00	244.00	255.00
827	2E17	233.00	233.00	255.00
828	2E18	207.00	207.00	255.00
829	2E19	11.00	0.00	255.00
830	2E20	0.00	11.00	255.00
831	2E21	0.00	0.00	244.00
832	2E22	22.00	0.00	255.00
833	2E23	0.00	22.00	255.00
834	2E24	0.00	0.00	233.00
835	2E25	48.00	0.00	255.00
836	2E26	0.00	48.00	255.00
837	2E27	0.00	0.00	207.00
838	2F1	0.00	16.00	16.00
839	2F2	16.00	32.00	32.00
840	2F3	32.00	48.00	48.00
841	2F4	48.00	64.00	64.00
842	2F5	64.00	80.00	80.00
843	2F6	80.00	96.00	96.00
844	2F7	96.00	112.00	112.00
845	2F8	112.00	128.00	128.00
846	2F9	128.00	144.00	144.00
847	2F10	144.00	160.00	160.00
848	2F11	160.00	176.00	176.00
849	2F12	176.00	192.00	192.00
850	2F13	192.00	208.00	208.00
851	2F14	208.00	224.00	224.00
852	2F15	224.00	240.00	240.00
853	2F16	244.00	255.00	255.00
854	2F17	233.00	255.00	255.00
855	2F18	207.00	255.00	255.00
856	2F19	11.00	255.00	255.00
857	2F20	0.00	244.00	255.00
858	2F21	0.00	255.00	244.00
859	2F22	22.00	255.00	255.00
860	2F23	0.00	233.00	255.00
861	2F24	0.00	255.00	233.00
862	2F25	48.00	255.00	255.00
863	2F26	0.00	207.00	255.00
864	2F27	0.00	255.00	207.00
865	2G1	16.00	0.00	16.00
866	2G2	32.00	16.00	32.00
867	2G3	48.00	32.00	48.00
868	2G4	64.00	48.00	64.00
869	2G5	80.00	64.00	80.00
870	2G6	96.00	80.00	96.00
871	2G7	112.00	96.00	112.00
872	2G8	128.00	112.00	128.00
873	2G9	144.00	128.00	144.00
874	2G10	160.00	144.00	160.00
875	2G11	176.00	160.00	176.00
876	2G12	192.00	176.00	192.00
877	2G13	208.00	192.00	208.00
878	2G14	224.00	208.00	224.00
879	2G15	240.00	224.00	240.00
880	2G16	255.00	244.00	255.00
881	2G17	255.00	233.00	255.00
882	2G18	255.00	207.00	255.00
883	2G19	255.00	11.00	255.00
884	2G20	244.00	0.00	255.00
885	2G21	255.00	0.00	244.00
886	2G22	255.00	22.00	255.00
887	2G23	233.00	0.00	255.00
888	2G24	255.00	0.00	233.00
889	2G25	255.00	48.00	255.00
890	2G26	207.00	0.00	255.00
891	2G27	255.00	0.00	207.00
892	2H1	16.00	16.00	0.00
893	2H2	32.00	32.00	16.00
894	2H3	48.00	48.00	32.00
895	2H4	64.00	64.00	48.00
896	2H5	80.00	80.00	64.00
897	2H6	96.00	96.00	80.00
898	2H7	112.00	112.00	96.00
899	2H8	128.00	128.00	112.00
900	2H9	144.00	144.00	128.00
901	2H10	160.00	160.00	144.00
902	2H11	176.00	176.00	160.00
903	2H12	192.00	192.00	176.00
904	2H13	208.00	208.00	192.00
905	2H14	224.00	224.00	208.00
906	2H15	240.00	240.00	224.00
907	2H16	255.00	255.00	244.00
908	2H17	255.00	255.00	233.00
909	2H18	255.00	255.00	207.00
910	2H19	255.00	255.00	11.00
911	2H20	244.00	255.00	0.00
912	2H21	255.00	244.00	0.00
913	2H22	255.00	255.00	22.00
914	2H23	233.00	255.00	0.00
915	2H24	255.00	233.00	0.00
916	2H25	255.00	255.00	48.00
917	2H26	207.00	255.00	0.00
918	2H27	255.00	207.00	0.00
END_DATA
